starttime,milepost,speed
00:00:00,1.96,62.89
00:00:00,3.55,64.98
00:00:00,5.39,66.68
00:00:00,6.88,60.33
00:00:00,7.6,58.20
00:00:00,8.8,60.08
00:00:00,9.03,62.92
00:00:00,9.45,62.49
00:00:00,10.27,60.08
00:00:00,11.05,57.14
00:00:00,12.94,61.25
00:00:00,13.58,61.02
00:00:00,14.32,52.03
00:00:00,14.56,66.38
00:00:00,15.09,42.10
00:00:00,16.2,59.60
00:00:00,18.1,59.09
00:00:00,19.4,61.51
00:00:00,19.78,60.80
00:00:00,21.12,63.02
00:00:00,21.68,63.29
00:00:00,23.27,68.79
00:00:00,23.41,61.51
00:05:00,1.96,62.62
00:05:00,3.55,65.37
00:05:00,5.39,66.62
00:05:00,6.88,60.61
00:05:00,7.6,57.75
00:05:00,8.8,59.95
00:05:00,9.03,63.08
00:05:00,9.45,62.32
00:05:00,10.27,59.46
00:05:00,11.05,56.36
00:05:00,12.94,60.24
00:05:00,13.58,60.32
00:05:00,14.32,52.75
00:05:00,14.56,66.15
00:05:00,15.09,39.85
00:05:00,16.2,59.81
00:05:00,18.1,59.37
00:05:00,19.4,61.72
00:05:00,19.78,60.84
00:05:00,21.12,62.66
00:05:00,21.68,62.89
00:05:00,23.27,68.84
00:05:00,23.41,61.25
00:10:00,1.96,62.39
00:10:00,3.55,65.10
00:10:00,5.39,66.15
00:10:00,6.88,59.51
00:10:00,7.6,58.38
00:10:00,8.8,60.52
00:10:00,9.03,65.25
00:10:00,9.45,63.04
00:10:00,10.27,61.07
00:10:00,11.05,56.09
00:10:00,12.94,60.04
00:10:00,13.58,60.36
00:10:00,14.32,51.88
00:10:00,14.56,64.52
00:10:00,15.09,44.07
00:10:00,16.2,59.72
00:10:00,18.1,59.56
00:10:00,19.4,61.92
00:10:00,19.78,61.41
00:10:00,21.12,62.43
00:10:00,21.68,64.14
00:10:00,23.27,68.78
00:10:00,23.41,61.38
00:15:00,1.96,62.34
00:15:00,3.55,65.11
00:15:00,5.39,66.12
00:15:00,6.88,60.31
00:15:00,7.6,58.22
00:15:00,8.8,59.74
00:15:00,9.03,59.00
00:15:00,9.45,61.97
00:15:00,10.27,59.70
00:15:00,11.05,55.56
00:15:00,12.94,61.14
00:15:00,13.58,61.28
00:15:00,14.32,51.40
00:15:00,14.56,64.66
00:15:00,15.09,43.98
00:15:00,16.2,60.01
00:15:00,18.1,59.83
00:15:00,19.4,61.86
00:15:00,19.78,61.32
00:15:00,21.12,62.97
00:15:00,21.68,63.52
00:15:00,23.27,68.73
00:15:00,23.41,61.31
00:20:00,1.96,62.46
00:20:00,3.55,64.79
00:20:00,5.39,66.10
00:20:00,6.88,59.95
00:20:00,7.6,58.23
00:20:00,8.8,60.14
00:20:00,9.03,61.38
00:20:00,9.45,62.52
00:20:00,10.27,59.96
00:20:00,11.05,55.37
00:20:00,12.94,60.81
00:20:00,13.58,60.79
00:20:00,14.32,51.29
00:20:00,14.56,65.65
00:20:00,15.09,46.61
00:20:00,16.2,60.13
00:20:00,18.1,59.21
00:20:00,19.4,61.76
00:20:00,19.78,61.03
00:20:00,21.12,63.51
00:20:00,21.68,63.53
00:20:00,23.27,69.12
00:20:00,23.41,61.04
00:25:00,1.96,62.37
00:25:00,3.55,64.97
00:25:00,5.39,66.22
00:25:00,6.88,59.85
00:25:00,7.6,58.17
00:25:00,8.8,59.91
00:25:00,9.03,61.33
00:25:00,9.45,62.30
00:25:00,10.27,60.03
00:25:00,11.05,55.16
00:25:00,12.94,60.54
00:25:00,13.58,61.13
00:25:00,14.32,50.57
00:25:00,14.56,66.73
00:25:00,15.09,48.15
00:25:00,16.2,59.41
00:25:00,18.1,59.98
00:25:00,19.4,61.88
00:25:00,19.78,61.45
00:25:00,21.12,63.03
00:25:00,21.68,63.06
00:25:00,23.27,69.00
00:25:00,23.41,61.00
00:30:00,1.96,62.85
00:30:00,3.55,65.02
00:30:00,5.39,65.93
00:30:00,6.88,60.59
00:30:00,7.6,58.35
00:30:00,8.8,60.28
00:30:00,9.03,53.14
00:30:00,9.45,62.56
00:30:00,10.27,60.37
00:30:00,11.05,56.02
00:30:00,12.94,61.14
00:30:00,13.58,61.03
00:30:00,14.32,50.85
00:30:00,14.56,66.74
00:30:00,15.09,49.41
00:30:00,16.2,59.60
00:30:00,18.1,59.68
00:30:00,19.4,61.81
00:30:00,19.78,61.04
00:30:00,21.12,63.17
00:30:00,21.68,63.58
00:30:00,23.27,68.90
00:30:00,23.41,61.19
00:35:00,1.96,62.69
00:35:00,3.55,65.50
00:35:00,5.39,66.51
00:35:00,6.88,60.33
00:35:00,7.6,58.31
00:35:00,8.8,59.97
00:35:00,9.03,58.79
00:35:00,9.45,62.10
00:35:00,10.27,59.49
00:35:00,11.05,55.19
00:35:00,12.94,60.55
00:35:00,13.58,60.98
00:35:00,14.32,49.86
00:35:00,14.56,67.44
00:35:00,15.09,43.52
00:35:00,16.2,59.96
00:35:00,18.1,59.04
00:35:00,19.4,61.14
00:35:00,19.78,61.48
00:35:00,21.12,63.03
00:35:00,21.68,63.70
00:35:00,23.27,69.28
00:35:00,23.41,60.86
00:40:00,1.96,62.34
00:40:00,3.55,64.66
00:40:00,5.39,66.23
00:40:00,6.88,60.39
00:40:00,7.6,58.18
00:40:00,8.8,59.86
00:40:00,9.03,54.67
00:40:00,9.45,61.91
00:40:00,10.27,60.22
00:40:00,11.05,55.77
00:40:00,12.94,61.31
00:40:00,13.58,60.61
00:40:00,14.32,49.46
00:40:00,14.56,66.57
00:40:00,15.09,44.91
00:40:00,16.2,59.34
00:40:00,18.1,60.60
00:40:00,19.4,61.41
00:40:00,19.78,59.95
00:40:00,21.12,62.77
00:40:00,21.68,63.70
00:40:00,23.27,69.14
00:40:00,23.41,60.91
00:45:00,1.96,62.55
00:45:00,3.55,65.13
00:45:00,5.39,66.15
00:45:00,6.88,59.53
00:45:00,7.6,57.53
00:45:00,8.8,60.07
00:45:00,9.03,59.06
00:45:00,9.45,62.08
00:45:00,10.27,60.24
00:45:00,11.05,55.78
00:45:00,12.94,60.78
00:45:00,13.58,58.81
00:45:00,14.32,50.07
00:45:00,14.56,63.51
00:45:00,15.09,41.70
00:45:00,16.2,58.85
00:45:00,18.1,60.41
00:45:00,19.4,61.41
00:45:00,19.78,61.33
00:45:00,21.12,63.08
00:45:00,21.68,63.85
00:45:00,23.27,68.82
00:45:00,23.41,61.46
00:50:00,1.96,61.72
00:50:00,3.55,64.24
00:50:00,5.39,66.22
00:50:00,6.88,58.30
00:50:00,7.6,58.27
00:50:00,8.8,59.32
00:50:00,9.03,60.29
00:50:00,9.45,62.30
00:50:00,10.27,59.24
00:50:00,11.05,56.19
00:50:00,12.94,60.09
00:50:00,13.58,59.67
00:50:00,14.32,49.54
00:50:00,14.56,66.21
00:50:00,15.09,36.29
00:50:00,16.2,59.32
00:50:00,18.1,59.68
00:50:00,19.4,61.51
00:50:00,19.78,61.40
00:50:00,21.12,63.02
00:50:00,21.68,64.44
00:50:00,23.27,69.11
00:50:00,23.41,61.62
00:55:00,1.96,63.21
00:55:00,3.55,65.84
00:55:00,5.39,66.43
00:55:00,6.88,60.02
00:55:00,7.6,58.09
00:55:00,8.8,59.85
00:55:00,9.03,56.60
00:55:00,9.45,62.12
00:55:00,10.27,60.11
00:55:00,11.05,56.90
00:55:00,12.94,61.45
00:55:00,13.58,59.25
00:55:00,14.32,48.90
00:55:00,14.56,67.78
00:55:00,15.09,42.13
00:55:00,16.2,59.02
00:55:00,18.1,60.37
00:55:00,19.4,62.34
00:55:00,19.78,61.49
00:55:00,21.12,63.02
00:55:00,21.68,64.45
00:55:00,23.27,69.34
00:55:00,23.41,61.92
01:00:00,1.96,62.39
01:00:00,3.55,65.04
01:00:00,5.39,66.71
01:00:00,6.88,61.33
01:00:00,7.6,57.92
01:00:00,8.8,60.05
01:00:00,9.03,60.84
01:00:00,9.45,62.50
01:00:00,10.27,60.18
01:00:00,11.05,56.09
01:00:00,12.94,60.58
01:00:00,13.58,60.54
01:00:00,14.32,48.87
01:00:00,14.56,62.61
01:00:00,15.09,33.81
01:00:00,16.2,59.40
01:00:00,18.1,60.10
01:00:00,19.4,60.92
01:00:00,19.78,61.54
01:00:00,21.12,63.49
01:00:00,21.68,62.92
01:00:00,23.27,69.25
01:00:00,23.41,61.72
01:05:00,1.96,62.18
01:05:00,3.55,65.26
01:05:00,5.39,66.60
01:05:00,6.88,61.31
01:05:00,7.6,58.24
01:05:00,8.8,59.98
01:05:00,9.03,61.44
01:05:00,9.45,62.73
01:05:00,10.27,59.32
01:05:00,11.05,56.39
01:05:00,12.94,60.66
01:05:00,13.58,59.92
01:05:00,14.32,48.09
01:05:00,14.56,62.71
01:05:00,15.09,37.57
01:05:00,16.2,60.44
01:05:00,18.1,60.56
01:05:00,19.4,61.86
01:05:00,19.78,61.79
01:05:00,21.12,61.82
01:05:00,21.68,63.34
01:05:00,23.27,68.79
01:05:00,23.41,60.22
01:10:00,1.96,62.89
01:10:00,3.55,65.64
01:10:00,5.39,66.12
01:10:00,6.88,59.67
01:10:00,7.6,57.95
01:10:00,8.8,59.45
01:10:00,9.03,67.25
01:10:00,9.45,62.78
01:10:00,10.27,59.98
01:10:00,11.05,56.13
01:10:00,12.94,61.44
01:10:00,13.58,60.00
01:10:00,14.32,48.22
01:10:00,14.56,62.85
01:10:00,15.09,39.71
01:10:00,16.2,59.66
01:10:00,18.1,59.81
01:10:00,19.4,61.63
01:10:00,19.78,60.95
01:10:00,21.12,61.36
01:10:00,21.68,63.25
01:10:00,23.27,69.65
01:10:00,23.41,61.12
01:15:00,1.96,62.18
01:15:00,3.55,64.22
01:15:00,5.39,66.17
01:15:00,6.88,58.21
01:15:00,7.6,58.17
01:15:00,8.8,59.59
01:15:00,9.03,64.41
01:15:00,9.45,62.06
01:15:00,10.27,60.10
01:15:00,11.05,55.99
01:15:00,12.94,60.57
01:15:00,13.58,60.21
01:15:00,14.32,48.79
01:15:00,14.56,65.03
01:15:00,15.09,39.32
01:15:00,16.2,60.37
01:15:00,18.1,59.06
01:15:00,19.4,61.61
01:15:00,19.78,61.46
01:15:00,21.12,61.34
01:15:00,21.68,62.70
01:15:00,23.27,69.01
01:15:00,23.41,60.70
01:20:00,1.96,62.16
01:20:00,3.55,65.55
01:20:00,5.39,65.92
01:20:00,6.88,59.57
01:20:00,7.6,58.62
01:20:00,8.8,59.87
01:20:00,9.03,53.25
01:20:00,9.45,62.42
01:20:00,10.27,58.87
01:20:00,11.05,56.67
01:20:00,12.94,60.27
01:20:00,13.58,59.36
01:20:00,14.32,48.44
01:20:00,14.56,62.21
01:20:00,15.09,36.63
01:20:00,16.2,60.54
01:20:00,18.1,60.16
01:20:00,19.4,61.61
01:20:00,19.78,61.35
01:20:00,21.12,62.41
01:20:00,21.68,63.63
01:20:00,23.27,69.24
01:20:00,23.41,61.63
01:25:00,1.96,62.25
01:25:00,3.55,65.15
01:25:00,5.39,66.60
01:25:00,6.88,61.43
01:25:00,7.6,58.32
01:25:00,8.8,58.88
01:25:00,9.03,58.65
01:25:00,9.45,62.43
01:25:00,10.27,59.27
01:25:00,11.05,56.36
01:25:00,12.94,60.63
01:25:00,13.58,58.56
01:25:00,14.32,47.22
01:25:00,14.56,67.98
01:25:00,15.09,37.26
01:25:00,16.2,58.51
01:25:00,18.1,60.11
01:25:00,19.4,61.49
01:25:00,19.78,61.77
01:25:00,21.12,62.40
01:25:00,21.68,64.58
01:25:00,23.27,68.88
01:25:00,23.41,60.73
01:30:00,1.96,62.22
01:30:00,3.55,64.54
01:30:00,5.39,66.03
01:30:00,6.88,61.91
01:30:00,7.6,58.23
01:30:00,8.8,60.04
01:30:00,9.03,57.50
01:30:00,9.45,62.80
01:30:00,10.27,59.45
01:30:00,11.05,56.42
01:30:00,12.94,59.85
01:30:00,13.58,59.64
01:30:00,14.32,47.80
01:30:00,14.56,64.46
01:30:00,15.09,36.21
01:30:00,16.2,59.74
01:30:00,18.1,59.37
01:30:00,19.4,61.30
01:30:00,19.78,61.13
01:30:00,21.12,63.15
01:30:00,21.68,65.17
01:30:00,23.27,69.34
01:30:00,23.41,60.73
01:35:00,1.96,62.13
01:35:00,3.55,65.23
01:35:00,5.39,66.13
01:35:00,6.88,60.33
01:35:00,7.6,57.60
01:35:00,8.8,59.75
01:35:00,9.03,56.67
01:35:00,9.45,62.19
01:35:00,10.27,61.32
01:35:00,11.05,56.25
01:35:00,12.94,60.62
01:35:00,13.58,59.93
01:35:00,14.32,46.84
01:35:00,14.56,64.52
01:35:00,15.09,35.30
01:35:00,16.2,58.66
01:35:00,18.1,60.25
01:35:00,19.4,61.33
01:35:00,19.78,60.98
01:35:00,21.12,61.80
01:35:00,21.68,64.44
01:35:00,23.27,69.53
01:35:00,23.41,61.08
01:40:00,1.96,63.18
01:40:00,3.55,64.16
01:40:00,5.39,65.95
01:40:00,6.88,60.16
01:40:00,7.6,57.14
01:40:00,8.8,59.98
01:40:00,9.03,60.93
01:40:00,9.45,62.47
01:40:00,10.27,60.43
01:40:00,11.05,56.09
01:40:00,12.94,59.88
01:40:00,13.58,58.93
01:40:00,14.32,47.80
01:40:00,14.56,66.07
01:40:00,15.09,35.30
01:40:00,16.2,59.53
01:40:00,18.1,59.61
01:40:00,19.4,61.61
01:40:00,19.78,60.41
01:40:00,21.12,62.13
01:40:00,21.68,64.64
01:40:00,23.27,68.63
01:40:00,23.41,61.02
01:45:00,1.96,62.00
01:45:00,3.55,64.73
01:45:00,5.39,65.79
01:45:00,6.88,59.77
01:45:00,7.6,58.44
01:45:00,8.8,60.44
01:45:00,9.03,57.08
01:45:00,9.45,60.89
01:45:00,10.27,58.53
01:45:00,11.05,56.06
01:45:00,12.94,60.10
01:45:00,13.58,59.44
01:45:00,14.32,47.07
01:45:00,14.56,62.89
01:45:00,15.09,30.79
01:45:00,16.2,59.86
01:45:00,18.1,60.58
01:45:00,19.4,61.52
01:45:00,19.78,60.96
01:45:00,21.12,61.52
01:45:00,21.68,62.95
01:45:00,23.27,69.31
01:45:00,23.41,60.89
01:50:00,1.96,62.71
01:50:00,3.55,64.73
01:50:00,5.39,65.36
01:50:00,6.88,60.73
01:50:00,7.6,58.55
01:50:00,8.8,58.90
01:50:00,9.03,58.84
01:50:00,9.45,61.87
01:50:00,10.27,60.65
01:50:00,11.05,56.76
01:50:00,12.94,60.63
01:50:00,13.58,59.99
01:50:00,14.32,47.53
01:50:00,14.56,64.90
01:50:00,15.09,33.53
01:50:00,16.2,60.13
01:50:00,18.1,59.96
01:50:00,19.4,61.73
01:50:00,19.78,61.47
01:50:00,21.12,62.35
01:50:00,21.68,64.35
01:50:00,23.27,69.46
01:50:00,23.41,61.83
01:55:00,1.96,63.13
01:55:00,3.55,64.79
01:55:00,5.39,66.31
01:55:00,6.88,59.34
01:55:00,7.6,57.72
01:55:00,8.8,59.76
01:55:00,9.03,59.51
01:55:00,9.45,61.39
01:55:00,10.27,58.18
01:55:00,11.05,56.32
01:55:00,12.94,60.26
01:55:00,13.58,59.70
01:55:00,14.32,47.29
01:55:00,14.56,59.63
01:55:00,15.09,33.53
01:55:00,16.2,60.12
01:55:00,18.1,58.92
01:55:00,19.4,61.63
01:55:00,19.78,61.38
01:55:00,21.12,62.41
01:55:00,21.68,63.12
01:55:00,23.27,69.79
01:55:00,23.41,61.49
02:00:00,1.96,61.83
02:00:00,3.55,63.90
02:00:00,5.39,66.30
02:00:00,6.88,59.39
02:00:00,7.6,57.79
02:00:00,8.8,60.35
02:00:00,9.03,58.67
02:00:00,9.45,61.96
02:00:00,10.27,59.62
02:00:00,11.05,56.55
02:00:00,12.94,60.68
02:00:00,13.58,59.31
02:00:00,14.32,46.43
02:00:00,14.56,66.10
02:00:00,15.09,31.07
02:00:00,16.2,59.05
02:00:00,18.1,59.26
02:00:00,19.4,61.72
02:00:00,19.78,61.18
02:00:00,21.12,62.08
02:00:00,21.68,62.52
02:00:00,23.27,69.61
02:00:00,23.41,61.75
02:05:00,1.96,62.64
02:05:00,3.55,64.82
02:05:00,5.39,66.90
02:05:00,6.88,60.60
02:05:00,7.6,58.00
02:05:00,8.8,59.59
02:05:00,9.03,61.19
02:05:00,9.45,61.92
02:05:00,10.27,59.44
02:05:00,11.05,56.49
02:05:00,12.94,60.79
02:05:00,13.58,60.17
02:05:00,14.32,47.01
02:05:00,14.56,64.19
02:05:00,15.09,34.46
02:05:00,16.2,60.25
02:05:00,18.1,59.81
02:05:00,19.4,61.54
02:05:00,19.78,60.59
02:05:00,21.12,62.10
02:05:00,21.68,62.35
02:05:00,23.27,69.42
02:05:00,23.41,61.14
02:10:00,1.96,62.74
02:10:00,3.55,64.21
02:10:00,5.39,65.93
02:10:00,6.88,58.79
02:10:00,7.6,57.88
02:10:00,8.8,59.51
02:10:00,9.03,62.84
02:10:00,9.45,61.85
02:10:00,10.27,60.70
02:10:00,11.05,56.72
02:10:00,12.94,60.17
02:10:00,13.58,58.75
02:10:00,14.32,46.11
02:10:00,14.56,60.12
02:10:00,15.09,27.96
02:10:00,16.2,59.72
02:10:00,18.1,59.90
02:10:00,19.4,61.44
02:10:00,19.78,61.02
02:10:00,21.12,61.89
02:10:00,21.68,62.52
02:10:00,23.27,68.89
02:10:00,23.41,61.51
02:15:00,1.96,62.14
02:15:00,3.55,64.77
02:15:00,5.39,66.15
02:15:00,6.88,60.17
02:15:00,7.6,58.25
02:15:00,8.8,59.58
02:15:00,9.03,55.60
02:15:00,9.45,62.22
02:15:00,10.27,58.75
02:15:00,11.05,56.42
02:15:00,12.94,60.43
02:15:00,13.58,59.64
02:15:00,14.32,46.03
02:15:00,14.56,64.19
02:15:00,15.09,36.10
02:15:00,16.2,59.00
02:15:00,18.1,59.08
02:15:00,19.4,62.17
02:15:00,19.78,62.17
02:15:00,21.12,61.74
02:15:00,21.68,64.00
02:15:00,23.27,69.40
02:15:00,23.41,60.53
02:20:00,1.96,62.63
02:20:00,3.55,65.26
02:20:00,5.39,66.58
02:20:00,6.88,60.07
02:20:00,7.6,57.23
02:20:00,8.8,59.37
02:20:00,9.03,62.25
02:20:00,9.45,62.17
02:20:00,10.27,58.02
02:20:00,11.05,55.70
02:20:00,12.94,59.78
02:20:00,13.58,59.61
02:20:00,14.32,44.98
02:20:00,14.56,60.98
02:20:00,15.09,30.51
02:20:00,16.2,58.79
02:20:00,18.1,59.88
02:20:00,19.4,61.61
02:20:00,19.78,61.51
02:20:00,21.12,61.37
02:20:00,21.68,64.23
02:20:00,23.27,69.50
02:20:00,23.41,61.94
02:25:00,1.96,62.22
02:25:00,3.55,64.50
02:25:00,5.39,66.16
02:25:00,6.88,60.95
02:25:00,7.6,57.62
02:25:00,8.8,59.88
02:25:00,9.03,61.50
02:25:00,9.45,62.17
02:25:00,10.27,58.39
02:25:00,11.05,56.73
02:25:00,12.94,60.45
02:25:00,13.58,59.67
02:25:00,14.32,45.05
02:25:00,14.56,61.96
02:25:00,15.09,39.62
02:25:00,16.2,59.67
02:25:00,18.1,59.75
02:25:00,19.4,62.13
02:25:00,19.78,61.67
02:25:00,21.12,62.54
02:25:00,21.68,62.16
02:25:00,23.27,69.87
02:25:00,23.41,61.67
02:30:00,1.96,62.38
02:30:00,3.55,65.23
02:30:00,5.39,66.21
02:30:00,6.88,60.54
02:30:00,7.6,58.30
02:30:00,8.8,59.20
02:30:00,9.03,58.00
02:30:00,9.45,62.29
02:30:00,10.27,59.79
02:30:00,11.05,56.32
02:30:00,12.94,60.22
02:30:00,13.58,59.82
02:30:00,14.32,45.45
02:30:00,14.56,61.96
02:30:00,15.09,35.14
02:30:00,16.2,59.97
02:30:00,18.1,59.33
02:30:00,19.4,62.10
02:30:00,19.78,61.72
02:30:00,21.12,62.13
02:30:00,21.68,64.01
02:30:00,23.27,69.90
02:30:00,23.41,61.75
02:35:00,1.96,63.11
02:35:00,3.55,65.20
02:35:00,5.39,65.78
02:35:00,6.88,61.30
02:35:00,7.6,58.17
02:35:00,8.8,58.63
02:35:00,9.03,62.00
02:35:00,9.45,61.44
02:35:00,10.27,60.08
02:35:00,11.05,56.14
02:35:00,12.94,60.00
02:35:00,13.58,57.87
02:35:00,14.32,45.05
02:35:00,14.56,65.20
02:35:00,15.09,26.43
02:35:00,16.2,59.69
02:35:00,18.1,60.38
02:35:00,19.4,60.95
02:35:00,19.78,61.00
02:35:00,21.12,61.98
02:35:00,21.68,63.06
02:35:00,23.27,70.61
02:35:00,23.41,61.59
02:40:00,1.96,62.51
02:40:00,3.55,65.43
02:40:00,5.39,66.49
02:40:00,6.88,59.28
02:40:00,7.6,57.13
02:40:00,8.8,59.12
02:40:00,9.03,55.50
02:40:00,9.45,61.94
02:40:00,10.27,59.22
02:40:00,11.05,56.50
02:40:00,12.94,60.13
02:40:00,13.58,59.03
02:40:00,14.32,45.69
02:40:00,14.56,65.81
02:40:00,15.09,30.66
02:40:00,16.2,59.99
02:40:00,18.1,60.63
02:40:00,19.4,62.07
02:40:00,19.78,61.71
02:40:00,21.12,61.87
02:40:00,21.68,63.85
02:40:00,23.27,69.64
02:40:00,23.41,61.44
02:45:00,1.96,62.54
02:45:00,3.55,65.36
02:45:00,5.39,66.54
02:45:00,6.88,60.28
02:45:00,7.6,56.91
02:45:00,8.8,60.03
02:45:00,9.03,56.00
02:45:00,9.45,62.08
02:45:00,10.27,58.70
02:45:00,11.05,57.18
02:45:00,12.94,60.89
02:45:00,13.58,60.09
02:45:00,14.32,46.51
02:45:00,14.56,65.04
02:45:00,15.09,36.68
02:45:00,16.2,60.15
02:45:00,18.1,59.97
02:45:00,19.4,62.19
02:45:00,19.78,62.70
02:45:00,21.12,62.52
02:45:00,21.68,64.57
02:45:00,23.27,70.29
02:45:00,23.41,61.46
02:50:00,1.96,61.95
02:50:00,3.55,65.21
02:50:00,5.39,65.70
02:50:00,6.88,60.27
02:50:00,7.6,57.42
02:50:00,8.8,59.28
02:50:00,9.03,50.00
02:50:00,9.45,62.77
02:50:00,10.27,60.46
02:50:00,11.05,57.29
02:50:00,12.94,60.52
02:50:00,13.58,59.81
02:50:00,14.32,44.68
02:50:00,14.56,63.53
02:50:00,15.09,35.78
02:50:00,16.2,59.73
02:50:00,18.1,60.21
02:50:00,19.4,62.95
02:50:00,19.78,62.08
02:50:00,21.12,62.75
02:50:00,21.68,65.65
02:50:00,23.27,69.91
02:50:00,23.41,62.63
02:55:00,1.96,62.54
02:55:00,3.55,64.87
02:55:00,5.39,65.18
02:55:00,6.88,58.93
02:55:00,7.6,56.97
02:55:00,8.8,59.77
02:55:00,9.03,56.15
02:55:00,9.45,62.31
02:55:00,10.27,58.97
02:55:00,11.05,56.23
02:55:00,12.94,60.08
02:55:00,13.58,57.32
02:55:00,14.32,44.43
02:55:00,14.56,65.65
02:55:00,15.09,25.51
02:55:00,16.2,60.74
02:55:00,18.1,59.69
02:55:00,19.4,61.84
02:55:00,19.78,61.37
02:55:00,21.12,62.52
02:55:00,21.68,63.76
02:55:00,23.27,69.49
02:55:00,23.41,61.27
03:00:00,1.96,62.49
03:00:00,3.55,64.27
03:00:00,5.39,66.43
03:00:00,6.88,59.27
03:00:00,7.6,56.65
03:00:00,8.8,59.71
03:00:00,9.03,62.75
03:00:00,9.45,62.78
03:00:00,10.27,59.71
03:00:00,11.05,56.47
03:00:00,12.94,60.27
03:00:00,13.58,60.06
03:00:00,14.32,46.28
03:00:00,14.56,65.14
03:00:00,15.09,28.30
03:00:00,16.2,60.67
03:00:00,18.1,60.17
03:00:00,19.4,61.83
03:00:00,19.78,61.55
03:00:00,21.12,61.89
03:00:00,21.68,63.58
03:00:00,23.27,70.37
03:00:00,23.41,62.29
03:05:00,1.96,62.46
03:05:00,3.55,63.88
03:05:00,5.39,65.99
03:05:00,6.88,59.53
03:05:00,7.6,56.50
03:05:00,8.8,58.95
03:05:00,9.03,55.38
03:05:00,9.45,62.45
03:05:00,10.27,59.44
03:05:00,11.05,56.45
03:05:00,12.94,59.75
03:05:00,13.58,58.49
03:05:00,14.32,45.62
03:05:00,14.56,64.45
03:05:00,15.09,40.21
03:05:00,16.2,59.29
03:05:00,18.1,61.17
03:05:00,19.4,61.99
03:05:00,19.78,62.14
03:05:00,21.12,62.78
03:05:00,21.68,63.65
03:05:00,23.27,69.97
03:05:00,23.41,61.00
03:10:00,1.96,62.55
03:10:00,3.55,65.08
03:10:00,5.39,66.19
03:10:00,6.88,60.24
03:10:00,7.6,56.66
03:10:00,8.8,59.95
03:10:00,9.03,61.67
03:10:00,9.45,62.74
03:10:00,10.27,59.13
03:10:00,11.05,56.40
03:10:00,12.94,61.67
03:10:00,13.58,60.43
03:10:00,14.32,45.64
03:10:00,14.56,65.85
03:10:00,15.09,39.98
03:10:00,16.2,59.75
03:10:00,18.1,60.17
03:10:00,19.4,61.77
03:10:00,19.78,61.28
03:10:00,21.12,62.00
03:10:00,21.68,62.98
03:10:00,23.27,69.66
03:10:00,23.41,61.27
03:15:00,1.96,62.50
03:15:00,3.55,64.69
03:15:00,5.39,66.05
03:15:00,6.88,59.30
03:15:00,7.6,57.80
03:15:00,8.8,58.58
03:15:00,9.03,61.60
03:15:00,9.45,62.68
03:15:00,10.27,60.52
03:15:00,11.05,56.43
03:15:00,12.94,60.73
03:15:00,13.58,60.66
03:15:00,14.32,46.09
03:15:00,14.56,64.76
03:15:00,15.09,34.18
03:15:00,16.2,60.75
03:15:00,18.1,60.20
03:15:00,19.4,62.18
03:15:00,19.78,61.73
03:15:00,21.12,62.64
03:15:00,21.68,63.53
03:15:00,23.27,70.20
03:15:00,23.41,60.84
03:20:00,1.96,61.72
03:20:00,3.55,64.79
03:20:00,5.39,65.69
03:20:00,6.88,60.70
03:20:00,7.6,56.65
03:20:00,8.8,59.69
03:20:00,9.03,66.00
03:20:00,9.45,61.71
03:20:00,10.27,58.82
03:20:00,11.05,56.34
03:20:00,12.94,59.75
03:20:00,13.58,59.56
03:20:00,14.32,46.29
03:20:00,14.56,60.72
03:20:00,15.09,33.59
03:20:00,16.2,60.87
03:20:00,18.1,60.22
03:20:00,19.4,62.27
03:20:00,19.78,62.02
03:20:00,21.12,63.72
03:20:00,21.68,64.65
03:20:00,23.27,70.04
03:20:00,23.41,61.83
03:25:00,1.96,63.10
03:25:00,3.55,64.82
03:25:00,5.39,65.64
03:25:00,6.88,59.55
03:25:00,7.6,57.16
03:25:00,8.8,60.01
03:25:00,9.03,60.17
03:25:00,9.45,62.47
03:25:00,10.27,60.57
03:25:00,11.05,57.03
03:25:00,12.94,60.94
03:25:00,13.58,59.16
03:25:00,14.32,46.88
03:25:00,14.56,59.91
03:25:00,15.09,37.23
03:25:00,16.2,60.60
03:25:00,18.1,60.88
03:25:00,19.4,62.85
03:25:00,19.78,61.70
03:25:00,21.12,63.92
03:25:00,21.68,64.77
03:25:00,23.27,69.67
03:25:00,23.41,61.31
03:30:00,1.96,63.08
03:30:00,3.55,65.08
03:30:00,5.39,65.33
03:30:00,6.88,59.62
03:30:00,7.6,57.26
03:30:00,8.8,59.26
03:30:00,9.03,61.00
03:30:00,9.45,61.89
03:30:00,10.27,59.46
03:30:00,11.05,55.80
03:30:00,12.94,61.10
03:30:00,13.58,59.85
03:30:00,14.32,46.68
03:30:00,14.56,66.66
03:30:00,15.09,29.06
03:30:00,16.2,60.56
03:30:00,18.1,61.01
03:30:00,19.4,62.50
03:30:00,19.78,61.57
03:30:00,21.12,61.73
03:30:00,21.68,65.24
03:30:00,23.27,70.18
03:30:00,23.41,61.37
03:35:00,1.96,62.24
03:35:00,3.55,65.85
03:35:00,5.39,66.21
03:35:00,6.88,60.79
03:35:00,7.6,58.10
03:35:00,8.8,58.45
03:35:00,9.03,53.33
03:35:00,9.45,61.87
03:35:00,10.27,59.30
03:35:00,11.05,56.08
03:35:00,12.94,60.55
03:35:00,13.58,60.51
03:35:00,14.32,47.89
03:35:00,14.56,66.07
03:35:00,15.09,32.61
03:35:00,16.2,61.05
03:35:00,18.1,60.41
03:35:00,19.4,63.29
03:35:00,19.78,62.72
03:35:00,21.12,64.43
03:35:00,21.68,66.96
03:35:00,23.27,70.26
03:35:00,23.41,61.62
03:40:00,1.96,62.86
03:40:00,3.55,65.14
03:40:00,5.39,66.77
03:40:00,6.88,60.23
03:40:00,7.6,57.84
03:40:00,8.8,60.13
03:40:00,9.03,63.59
03:40:00,9.45,63.29
03:40:00,10.27,59.65
03:40:00,11.05,56.92
03:40:00,12.94,61.52
03:40:00,13.58,60.16
03:40:00,14.32,47.68
03:40:00,14.56,65.19
03:40:00,15.09,36.01
03:40:00,16.2,61.36
03:40:00,18.1,60.40
03:40:00,19.4,62.79
03:40:00,19.78,62.80
03:40:00,21.12,63.02
03:40:00,21.68,66.32
03:40:00,23.27,71.21
03:40:00,23.41,62.85
03:45:00,1.96,62.59
03:45:00,3.55,64.20
03:45:00,5.39,66.22
03:45:00,6.88,61.00
03:45:00,7.6,58.96
03:45:00,8.8,60.00
03:45:00,9.03,57.15
03:45:00,9.45,63.84
03:45:00,10.27,58.83
03:45:00,11.05,57.50
03:45:00,12.94,61.07
03:45:00,13.58,59.49
03:45:00,14.32,48.40
03:45:00,14.56,66.76
03:45:00,15.09,36.54
03:45:00,16.2,60.14
03:45:00,18.1,61.17
03:45:00,19.4,62.71
03:45:00,19.78,62.91
03:45:00,21.12,63.80
03:45:00,21.68,66.90
03:45:00,23.27,70.46
03:45:00,23.41,62.81
03:50:00,1.96,62.83
03:50:00,3.55,64.83
03:50:00,5.39,66.16
03:50:00,6.88,61.87
03:50:00,7.6,58.57
03:50:00,8.8,60.53
03:50:00,9.03,62.19
03:50:00,9.45,62.55
03:50:00,10.27,59.80
03:50:00,11.05,56.62
03:50:00,12.94,61.59
03:50:00,13.58,60.84
03:50:00,14.32,47.61
03:50:00,14.56,65.61
03:50:00,15.09,40.80
03:50:00,16.2,60.82
03:50:00,18.1,60.95
03:50:00,19.4,62.99
03:50:00,19.78,62.92
03:50:00,21.12,62.82
03:50:00,21.68,66.79
03:50:00,23.27,70.92
03:50:00,23.41,62.21
03:55:00,1.96,62.94
03:55:00,3.55,66.09
03:55:00,5.39,66.91
03:55:00,6.88,60.16
03:55:00,7.6,57.61
03:55:00,8.8,61.38
03:55:00,9.03,61.84
03:55:00,9.45,63.42
03:55:00,10.27,61.14
03:55:00,11.05,56.74
03:55:00,12.94,62.29
03:55:00,13.58,61.16
03:55:00,14.32,48.77
03:55:00,14.56,65.01
03:55:00,15.09,35.82
03:55:00,16.2,60.22
03:55:00,18.1,60.45
03:55:00,19.4,63.33
03:55:00,19.78,62.32
03:55:00,21.12,62.43
03:55:00,21.68,66.95
03:55:00,23.27,70.04
03:55:00,23.41,60.58
04:00:00,1.96,63.49
04:00:00,3.55,66.24
04:00:00,5.39,66.50
04:00:00,6.88,60.51
04:00:00,7.6,56.94
04:00:00,8.8,60.80
04:00:00,9.03,41.00
04:00:00,9.45,62.08
04:00:00,10.27,60.84
04:00:00,11.05,57.18
04:00:00,12.94,60.47
04:00:00,13.58,60.52
04:00:00,14.32,48.09
04:00:00,14.56,65.63
04:00:00,15.09,36.03
04:00:00,16.2,60.60
04:00:00,18.1,61.55
04:00:00,19.4,62.74
04:00:00,19.78,62.40
04:00:00,21.12,63.72
04:00:00,21.68,64.78
04:00:00,23.27,70.40
04:00:00,23.41,61.19
04:05:00,1.96,63.45
04:05:00,3.55,66.38
04:05:00,5.39,66.69
04:05:00,6.88,59.42
04:05:00,7.6,57.64
04:05:00,8.8,59.79
04:05:00,9.03,61.94
04:05:00,9.45,62.80
04:05:00,10.27,59.41
04:05:00,11.05,56.55
04:05:00,12.94,61.00
04:05:00,13.58,59.32
04:05:00,14.32,49.30
04:05:00,14.56,62.43
04:05:00,15.09,27.80
04:05:00,16.2,60.48
04:05:00,18.1,60.33
04:05:00,19.4,62.52
04:05:00,19.78,62.29
04:05:00,21.12,63.56
04:05:00,21.68,66.14
04:05:00,23.27,70.92
04:05:00,23.41,61.61
04:10:00,1.96,63.35
04:10:00,3.55,66.64
04:10:00,5.39,67.86
04:10:00,6.88,61.43
04:10:00,7.6,57.31
04:10:00,8.8,60.68
04:10:00,9.03,57.00
04:10:00,9.45,61.56
04:10:00,10.27,59.86
04:10:00,11.05,56.39
04:10:00,12.94,61.47
04:10:00,13.58,60.77
04:10:00,14.32,48.11
04:10:00,14.56,68.19
04:10:00,15.09,36.75
04:10:00,16.2,60.39
04:10:00,18.1,60.00
04:10:00,19.4,62.39
04:10:00,19.78,62.39
04:10:00,21.12,62.97
04:10:00,21.68,64.53
04:10:00,23.27,70.24
04:10:00,23.41,62.31
04:15:00,1.96,62.22
04:15:00,3.55,65.61
04:15:00,5.39,67.53
04:15:00,6.88,60.44
04:15:00,7.6,57.92
04:15:00,8.8,60.39
04:15:00,9.03,66.17
04:15:00,9.45,63.38
04:15:00,10.27,61.12
04:15:00,11.05,57.34
04:15:00,12.94,61.71
04:15:00,13.58,61.38
04:15:00,14.32,50.46
04:15:00,14.56,63.55
04:15:00,15.09,31.61
04:15:00,16.2,60.24
04:15:00,18.1,60.55
04:15:00,19.4,62.67
04:15:00,19.78,61.87
04:15:00,21.12,63.37
04:15:00,21.68,64.87
04:15:00,23.27,70.14
04:15:00,23.41,61.23
04:20:00,1.96,63.38
04:20:00,3.55,66.14
04:20:00,5.39,66.82
04:20:00,6.88,59.94
04:20:00,7.6,57.98
04:20:00,8.8,60.54
04:20:00,9.03,61.78
04:20:00,9.45,63.16
04:20:00,10.27,60.52
04:20:00,11.05,57.66
04:20:00,12.94,62.33
04:20:00,13.58,61.37
04:20:00,14.32,50.09
04:20:00,14.56,61.50
04:20:00,15.09,39.19
04:20:00,16.2,61.04
04:20:00,18.1,60.88
04:20:00,19.4,62.54
04:20:00,19.78,62.38
04:20:00,21.12,62.00
04:20:00,21.68,64.86
04:20:00,23.27,70.72
04:20:00,23.41,61.48
04:25:00,1.96,62.76
04:25:00,3.55,66.11
04:25:00,5.39,67.00
04:25:00,6.88,61.90
04:25:00,7.6,57.96
04:25:00,8.8,60.65
04:25:00,9.03,62.85
04:25:00,9.45,63.33
04:25:00,10.27,60.22
04:25:00,11.05,56.93
04:25:00,12.94,62.13
04:25:00,13.58,60.97
04:25:00,14.32,49.19
04:25:00,14.56,65.07
04:25:00,15.09,40.77
04:25:00,16.2,60.49
04:25:00,18.1,61.22
04:25:00,19.4,63.25
04:25:00,19.78,63.08
04:25:00,21.12,63.24
04:25:00,21.68,64.92
04:25:00,23.27,70.78
04:25:00,23.41,61.69
04:30:00,1.96,63.30
04:30:00,3.55,65.47
04:30:00,5.39,67.13
04:30:00,6.88,62.32
04:30:00,7.6,58.05
04:30:00,8.8,60.86
04:30:00,9.03,62.23
04:30:00,9.45,63.11
04:30:00,10.27,60.59
04:30:00,11.05,56.53
04:30:00,12.94,61.74
04:30:00,13.58,60.49
04:30:00,14.32,49.71
04:30:00,14.56,66.96
04:30:00,15.09,37.89
04:30:00,16.2,61.09
04:30:00,18.1,61.13
04:30:00,19.4,62.79
04:30:00,19.78,62.79
04:30:00,21.12,63.07
04:30:00,21.68,65.07
04:30:00,23.27,71.53
04:30:00,23.41,61.66
04:35:00,1.96,63.17
04:35:00,3.55,66.15
04:35:00,5.39,67.36
04:35:00,6.88,60.76
04:35:00,7.6,58.58
04:35:00,8.8,60.07
04:35:00,9.03,61.48
04:35:00,9.45,63.27
04:35:00,10.27,60.36
04:35:00,11.05,56.85
04:35:00,12.94,61.98
04:35:00,13.58,61.06
04:35:00,14.32,49.82
04:35:00,14.56,65.09
04:35:00,15.09,49.60
04:35:00,16.2,60.29
04:35:00,18.1,60.78
04:35:00,19.4,63.20
04:35:00,19.78,62.09
04:35:00,21.12,63.33
04:35:00,21.68,65.23
04:35:00,23.27,71.09
04:35:00,23.41,61.83
04:40:00,1.96,62.72
04:40:00,3.55,65.75
04:40:00,5.39,67.68
04:40:00,6.88,61.38
04:40:00,7.6,60.15
04:40:00,8.8,61.30
04:40:00,9.03,62.00
04:40:00,9.45,63.70
04:40:00,10.27,60.88
04:40:00,11.05,56.93
04:40:00,12.94,62.22
04:40:00,13.58,61.32
04:40:00,14.32,51.55
04:40:00,14.56,64.56
04:40:00,15.09,38.42
04:40:00,16.2,61.40
04:40:00,18.1,60.75
04:40:00,19.4,63.14
04:40:00,19.78,62.96
04:40:00,21.12,63.42
04:40:00,21.68,65.16
04:40:00,23.27,70.77
04:40:00,23.41,62.17
04:45:00,1.96,64.02
04:45:00,3.55,66.12
04:45:00,5.39,66.92
04:45:00,6.88,61.54
04:45:00,7.6,59.74
04:45:00,8.8,61.21
04:45:00,9.03,60.50
04:45:00,9.45,62.85
04:45:00,10.27,61.13
04:45:00,11.05,57.45
04:45:00,12.94,62.28
04:45:00,13.58,62.66
04:45:00,14.32,50.32
04:45:00,14.56,66.74
04:45:00,15.09,42.69
04:45:00,16.2,61.62
04:45:00,18.1,61.13
04:45:00,19.4,63.68
04:45:00,19.78,62.47
04:45:00,21.12,63.49
04:45:00,21.68,65.08
04:45:00,23.27,71.23
04:45:00,23.41,62.78
04:50:00,1.96,63.25
04:50:00,3.55,66.48
04:50:00,5.39,67.39
04:50:00,6.88,63.50
04:50:00,7.6,59.17
04:50:00,8.8,61.87
04:50:00,9.03,60.15
04:50:00,9.45,64.14
04:50:00,10.27,60.80
04:50:00,11.05,57.25
04:50:00,12.94,62.25
04:50:00,13.58,61.60
04:50:00,14.32,50.39
04:50:00,14.56,66.04
04:50:00,15.09,37.35
04:50:00,16.2,61.80
04:50:00,18.1,61.58
04:50:00,19.4,63.96
04:50:00,19.78,63.17
04:50:00,21.12,63.47
04:50:00,21.68,65.57
04:50:00,23.27,71.34
04:50:00,23.41,62.27
04:55:00,1.96,63.87
04:55:00,3.55,66.99
04:55:00,5.39,67.27
04:55:00,6.88,62.94
04:55:00,7.6,59.62
04:55:00,8.8,60.72
04:55:00,9.03,63.57
04:55:00,9.45,63.38
04:55:00,10.27,60.28
04:55:00,11.05,57.02
04:55:00,12.94,62.80
04:55:00,13.58,61.08
04:55:00,14.32,50.15
04:55:00,14.56,66.08
04:55:00,15.09,37.83
04:55:00,16.2,61.74
04:55:00,18.1,61.90
04:55:00,19.4,64.05
04:55:00,19.78,63.21
04:55:00,21.12,64.16
04:55:00,21.68,65.51
04:55:00,23.27,71.13
04:55:00,23.41,62.33
05:00:00,1.96,63.23
05:00:00,3.55,66.23
05:00:00,5.39,67.25
05:00:00,6.88,62.18
05:00:00,7.6,59.83
05:00:00,8.8,60.64
05:00:00,9.03,58.42
05:00:00,9.45,62.92
05:00:00,10.27,60.28
05:00:00,11.05,57.26
05:00:00,12.94,61.93
05:00:00,13.58,62.12
05:00:00,14.32,50.51
05:00:00,14.56,64.56
05:00:00,15.09,36.93
05:00:00,16.2,60.85
05:00:00,18.1,60.73
05:00:00,19.4,63.48
05:00:00,19.78,62.64
05:00:00,21.12,62.57
05:00:00,21.68,65.17
05:00:00,23.27,71.90
05:00:00,23.41,62.92
05:05:00,1.96,62.53
05:05:00,3.55,65.89
05:05:00,5.39,67.02
05:05:00,6.88,63.65
05:05:00,7.6,59.10
05:05:00,8.8,60.42
05:05:00,9.03,63.77
05:05:00,9.45,62.85
05:05:00,10.27,60.70
05:05:00,11.05,56.56
05:05:00,12.94,61.73
05:05:00,13.58,60.46
05:05:00,14.32,49.78
05:05:00,14.56,64.86
05:05:00,15.09,40.72
05:05:00,16.2,60.11
05:05:00,18.1,60.98
05:05:00,19.4,63.92
05:05:00,19.78,63.25
05:05:00,21.12,62.44
05:05:00,21.68,64.48
05:05:00,23.27,71.24
05:05:00,23.41,62.06
05:10:00,1.96,63.52
05:10:00,3.55,66.85
05:10:00,5.39,66.80
05:10:00,6.88,61.00
05:10:00,7.6,59.72
05:10:00,8.8,62.05
05:10:00,9.03,62.72
05:10:00,9.45,63.02
05:10:00,10.27,60.18
05:10:00,11.05,57.25
05:10:00,12.94,61.87
05:10:00,13.58,61.41
05:10:00,14.32,50.37
05:10:00,14.56,64.90
05:10:00,15.09,32.99
05:10:00,16.2,61.02
05:10:00,18.1,61.25
05:10:00,19.4,63.54
05:10:00,19.78,63.02
05:10:00,21.12,64.37
05:10:00,21.68,64.59
05:10:00,23.27,70.89
05:10:00,23.41,61.99
05:15:00,1.96,64.15
05:15:00,3.55,66.85
05:15:00,5.39,68.25
05:15:00,6.88,62.38
05:15:00,7.6,60.06
05:15:00,8.8,62.33
05:15:00,9.03,64.42
05:15:00,9.45,63.85
05:15:00,10.27,61.37
05:15:00,11.05,58.16
05:15:00,12.94,62.53
05:15:00,13.58,62.39
05:15:00,14.32,51.02
05:15:00,14.56,64.27
05:15:00,15.09,40.96
05:15:00,16.2,61.53
05:15:00,18.1,61.64
05:15:00,19.4,63.20
05:15:00,19.78,62.74
05:15:00,21.12,62.41
05:15:00,21.68,64.75
05:15:00,23.27,71.22
05:15:00,23.41,62.32
05:20:00,1.96,63.12
05:20:00,3.55,66.83
05:20:00,5.39,67.59
05:20:00,6.88,61.43
05:20:00,7.6,59.62
05:20:00,8.8,61.40
05:20:00,9.03,64.63
05:20:00,9.45,64.01
05:20:00,10.27,61.27
05:20:00,11.05,57.92
05:20:00,12.94,62.30
05:20:00,13.58,62.45
05:20:00,14.32,51.77
05:20:00,14.56,66.70
05:20:00,15.09,37.75
05:20:00,16.2,61.61
05:20:00,18.1,61.15
05:20:00,19.4,63.81
05:20:00,19.78,62.89
05:20:00,21.12,63.52
05:20:00,21.68,65.27
05:20:00,23.27,70.90
05:20:00,23.41,62.29
05:25:00,1.96,63.88
05:25:00,3.55,66.24
05:25:00,5.39,67.59
05:25:00,6.88,62.13
05:25:00,7.6,59.72
05:25:00,8.8,61.74
05:25:00,9.03,62.00
05:25:00,9.45,64.09
05:25:00,10.27,61.28
05:25:00,11.05,57.95
05:25:00,12.94,62.89
05:25:00,13.58,60.74
05:25:00,14.32,52.54
05:25:00,14.56,67.72
05:25:00,15.09,43.60
05:25:00,16.2,61.49
05:25:00,18.1,60.98
05:25:00,19.4,64.08
05:25:00,19.78,63.19
05:25:00,21.12,63.60
05:25:00,21.68,66.61
05:25:00,23.27,71.37
05:25:00,23.41,62.55
05:30:00,1.96,64.55
05:30:00,3.55,66.77
05:30:00,5.39,67.63
05:30:00,6.88,61.95
05:30:00,7.6,59.40
05:30:00,8.8,60.37
05:30:00,9.03,65.22
05:30:00,9.45,63.88
05:30:00,10.27,60.84
05:30:00,11.05,57.84
05:30:00,12.94,62.42
05:30:00,13.58,61.71
05:30:00,14.32,53.29
05:30:00,14.56,62.01
05:30:00,15.09,40.10
05:30:00,16.2,61.70
05:30:00,18.1,61.47
05:30:00,19.4,64.17
05:30:00,19.78,63.51
05:30:00,21.12,64.29
05:30:00,21.68,65.47
05:30:00,23.27,71.05
05:30:00,23.41,62.87
05:35:00,1.96,64.69
05:35:00,3.55,67.25
05:35:00,5.39,67.60
05:35:00,6.88,62.60
05:35:00,7.6,60.09
05:35:00,8.8,60.55
05:35:00,9.03,62.00
05:35:00,9.45,64.35
05:35:00,10.27,61.73
05:35:00,11.05,57.92
05:35:00,12.94,63.35
05:35:00,13.58,62.19
05:35:00,14.32,53.37
05:35:00,14.56,65.21
05:35:00,15.09,38.69
05:35:00,16.2,62.01
05:35:00,18.1,61.49
05:35:00,19.4,64.24
05:35:00,19.78,63.52
05:35:00,21.12,64.01
05:35:00,21.68,66.22
05:35:00,23.27,71.84
05:35:00,23.41,63.46
05:40:00,1.96,64.77
05:40:00,3.55,66.91
05:40:00,5.39,68.41
05:40:00,6.88,63.26
05:40:00,7.6,60.03
05:40:00,8.8,62.05
05:40:00,9.03,57.14
05:40:00,9.45,64.17
05:40:00,10.27,60.94
05:40:00,11.05,57.69
05:40:00,12.94,63.15
05:40:00,13.58,61.18
05:40:00,14.32,54.43
05:40:00,14.56,67.70
05:40:00,15.09,45.91
05:40:00,16.2,62.75
05:40:00,18.1,61.63
05:40:00,19.4,64.56
05:40:00,19.78,64.12
05:40:00,21.12,63.94
05:40:00,21.68,66.45
05:40:00,23.27,70.96
05:40:00,23.41,62.21
05:45:00,1.96,64.53
05:45:00,3.55,67.03
05:45:00,5.39,67.97
05:45:00,6.88,62.93
05:45:00,7.6,60.55
05:45:00,8.8,62.46
05:45:00,9.03,63.10
05:45:00,9.45,63.98
05:45:00,10.27,62.99
05:45:00,11.05,58.14
05:45:00,12.94,63.94
05:45:00,13.58,63.12
05:45:00,14.32,52.86
05:45:00,14.56,65.57
05:45:00,15.09,42.02
05:45:00,16.2,62.36
05:45:00,18.1,61.68
05:45:00,19.4,64.50
05:45:00,19.78,64.15
05:45:00,21.12,65.03
05:45:00,21.68,65.40
05:45:00,23.27,71.51
05:45:00,23.41,62.73
05:50:00,1.96,64.70
05:50:00,3.55,67.49
05:50:00,5.39,68.30
05:50:00,6.88,63.16
05:50:00,7.6,60.41
05:50:00,8.8,62.67
05:50:00,9.03,63.08
05:50:00,9.45,63.94
05:50:00,10.27,61.63
05:50:00,11.05,57.57
05:50:00,12.94,63.42
05:50:00,13.58,63.16
05:50:00,14.32,52.33
05:50:00,14.56,64.46
05:50:00,15.09,45.65
05:50:00,16.2,62.06
05:50:00,18.1,62.40
05:50:00,19.4,64.93
05:50:00,19.78,64.62
05:50:00,21.12,65.92
05:50:00,21.68,65.10
05:50:00,23.27,71.45
05:50:00,23.41,62.66
05:55:00,1.96,64.08
05:55:00,3.55,66.80
05:55:00,5.39,68.33
05:55:00,6.88,62.84
05:55:00,7.6,60.32
05:55:00,8.8,62.69
05:55:00,9.03,68.17
05:55:00,9.45,64.54
05:55:00,10.27,61.78
05:55:00,11.05,57.74
05:55:00,12.94,62.43
05:55:00,13.58,62.08
05:55:00,14.32,51.98
05:55:00,14.56,67.72
05:55:00,15.09,43.09
05:55:00,16.2,61.93
05:55:00,18.1,61.61
05:55:00,19.4,64.87
05:55:00,19.78,64.03
05:55:00,21.12,63.65
05:55:00,21.68,65.14
05:55:00,23.27,72.09
05:55:00,23.41,63.08
06:00:00,1.96,64.08
06:00:00,3.55,67.08
06:00:00,5.39,67.57
06:00:00,6.88,62.16
06:00:00,7.6,60.83
06:00:00,8.8,61.35
06:00:00,9.03,61.20
06:00:00,9.45,63.46
06:00:00,10.27,61.21
06:00:00,11.05,57.39
06:00:00,12.94,62.97
06:00:00,13.58,61.73
06:00:00,14.32,53.06
06:00:00,14.56,64.08
06:00:00,15.09,41.56
06:00:00,16.2,62.04
06:00:00,18.1,61.54
06:00:00,19.4,64.00
06:00:00,19.78,63.64
06:00:00,21.12,63.79
06:00:00,21.68,64.48
06:00:00,23.27,71.62
06:00:00,23.41,62.75
06:05:00,1.96,64.11
06:05:00,3.55,65.89
06:05:00,5.39,68.25
06:05:00,6.88,63.01
06:05:00,7.6,59.98
06:05:00,8.8,61.14
06:05:00,9.03,62.25
06:05:00,9.45,63.74
06:05:00,10.27,60.21
06:05:00,11.05,57.21
06:05:00,12.94,62.52
06:05:00,13.58,61.32
06:05:00,14.32,52.54
06:05:00,14.56,65.60
06:05:00,15.09,44.72
06:05:00,16.2,61.39
06:05:00,18.1,60.79
06:05:00,19.4,64.05
06:05:00,19.78,63.67
06:05:00,21.12,64.48
06:05:00,21.68,63.84
06:05:00,23.27,71.08
06:05:00,23.41,62.42
06:10:00,1.96,63.76
06:10:00,3.55,67.17
06:10:00,5.39,67.84
06:10:00,6.88,62.14
06:10:00,7.6,59.82
06:10:00,8.8,60.92
06:10:00,9.03,64.68
06:10:00,9.45,64.18
06:10:00,10.27,61.91
06:10:00,11.05,57.13
06:10:00,12.94,62.55
06:10:00,13.58,63.01
06:10:00,14.32,53.83
06:10:00,14.56,67.51
06:10:00,15.09,41.56
06:10:00,16.2,61.60
06:10:00,18.1,60.40
06:10:00,19.4,63.89
06:10:00,19.78,63.04
06:10:00,21.12,63.57
06:10:00,21.68,65.58
06:10:00,23.27,70.86
06:10:00,23.41,62.09
06:15:00,1.96,63.55
06:15:00,3.55,66.57
06:15:00,5.39,68.13
06:15:00,6.88,63.79
06:15:00,7.6,59.83
06:15:00,8.8,61.52
06:15:00,9.03,62.38
06:15:00,9.45,63.97
06:15:00,10.27,62.06
06:15:00,11.05,56.81
06:15:00,12.94,62.11
06:15:00,13.58,62.01
06:15:00,14.32,53.30
06:15:00,14.56,66.84
06:15:00,15.09,48.07
06:15:00,16.2,60.95
06:15:00,18.1,61.57
06:15:00,19.4,64.38
06:15:00,19.78,63.60
06:15:00,21.12,64.01
06:15:00,21.68,64.96
06:15:00,23.27,71.29
06:15:00,23.41,62.70
06:20:00,1.96,64.02
06:20:00,3.55,66.65
06:20:00,5.39,67.88
06:20:00,6.88,62.48
06:20:00,7.6,60.10
06:20:00,8.8,61.87
06:20:00,9.03,62.29
06:20:00,9.45,63.44
06:20:00,10.27,60.79
06:20:00,11.05,57.69
06:20:00,12.94,62.59
06:20:00,13.58,62.24
06:20:00,14.32,54.32
06:20:00,14.56,67.10
06:20:00,15.09,47.92
06:20:00,16.2,61.45
06:20:00,18.1,61.44
06:20:00,19.4,63.94
06:20:00,19.78,63.86
06:20:00,21.12,64.19
06:20:00,21.68,65.08
06:20:00,23.27,71.64
06:20:00,23.41,62.25
06:25:00,1.96,64.11
06:25:00,3.55,67.03
06:25:00,5.39,67.79
06:25:00,6.88,63.10
06:25:00,7.6,59.97
06:25:00,8.8,61.32
06:25:00,9.03,63.44
06:25:00,9.45,64.46
06:25:00,10.27,61.96
06:25:00,11.05,58.22
06:25:00,12.94,62.28
06:25:00,13.58,62.73
06:25:00,14.32,55.03
06:25:00,14.56,62.02
06:25:00,15.09,45.09
06:25:00,16.2,62.11
06:25:00,18.1,61.70
06:25:00,19.4,64.38
06:25:00,19.78,63.92
06:25:00,21.12,64.50
06:25:00,21.68,65.77
06:25:00,23.27,71.43
06:25:00,23.41,62.92
06:30:00,1.96,64.27
06:30:00,3.55,66.72
06:30:00,5.39,67.89
06:30:00,6.88,62.09
06:30:00,7.6,59.75
06:30:00,8.8,61.72
06:30:00,9.03,61.34
06:30:00,9.45,64.17
06:30:00,10.27,60.96
06:30:00,11.05,58.33
06:30:00,12.94,62.94
06:30:00,13.58,62.64
06:30:00,14.32,54.85
06:30:00,14.56,66.46
06:30:00,15.09,50.12
06:30:00,16.2,61.33
06:30:00,18.1,61.66
06:30:00,19.4,64.31
06:30:00,19.78,63.86
06:30:00,21.12,63.26
06:30:00,21.68,65.85
06:30:00,23.27,71.55
06:30:00,23.41,63.07
06:35:00,1.96,64.10
06:35:00,3.55,67.15
06:35:00,5.39,67.95
06:35:00,6.88,62.35
06:35:00,7.6,60.06
06:35:00,8.8,61.44
06:35:00,9.03,62.36
06:35:00,9.45,63.79
06:35:00,10.27,61.19
06:35:00,11.05,57.85
06:35:00,12.94,62.82
06:35:00,13.58,61.76
06:35:00,14.32,55.56
06:35:00,14.56,66.22
06:35:00,15.09,45.05
06:35:00,16.2,61.53
06:35:00,18.1,61.03
06:35:00,19.4,63.85
06:35:00,19.78,63.56
06:35:00,21.12,64.16
06:35:00,21.68,65.61
06:35:00,23.27,71.41
06:35:00,23.41,63.73
06:40:00,1.96,64.25
06:40:00,3.55,67.35
06:40:00,5.39,68.27
06:40:00,6.88,63.70
06:40:00,7.6,60.46
06:40:00,8.8,61.94
06:40:00,9.03,60.52
06:40:00,9.45,64.38
06:40:00,10.27,62.05
06:40:00,11.05,58.30
06:40:00,12.94,62.64
06:40:00,13.58,62.52
06:40:00,14.32,54.65
06:40:00,14.56,68.32
06:40:00,15.09,50.41
06:40:00,16.2,61.59
06:40:00,18.1,60.92
06:40:00,19.4,64.15
06:40:00,19.78,63.47
06:40:00,21.12,63.95
06:40:00,21.68,65.89
06:40:00,23.27,71.43
06:40:00,23.41,63.04
06:45:00,1.96,64.49
06:45:00,3.55,67.05
06:45:00,5.39,68.43
06:45:00,6.88,62.96
06:45:00,7.6,60.53
06:45:00,8.8,61.60
06:45:00,9.03,65.96
06:45:00,9.45,64.83
06:45:00,10.27,62.53
06:45:00,11.05,58.54
06:45:00,12.94,62.69
06:45:00,13.58,62.54
06:45:00,14.32,54.20
06:45:00,14.56,67.26
06:45:00,15.09,48.08
06:45:00,16.2,61.83
06:45:00,18.1,61.17
06:45:00,19.4,64.34
06:45:00,19.78,64.10
06:45:00,21.12,64.31
06:45:00,21.68,65.84
06:45:00,23.27,71.27
06:45:00,23.41,62.66
06:50:00,1.96,64.27
06:50:00,3.55,67.10
06:50:00,5.39,68.23
06:50:00,6.88,64.25
06:50:00,7.6,60.15
06:50:00,8.8,61.90
06:50:00,9.03,66.04
06:50:00,9.45,64.42
06:50:00,10.27,61.95
06:50:00,11.05,59.11
06:50:00,12.94,62.47
06:50:00,13.58,62.07
06:50:00,14.32,53.43
06:50:00,14.56,65.73
06:50:00,15.09,48.21
06:50:00,16.2,62.14
06:50:00,18.1,61.68
06:50:00,19.4,65.20
06:50:00,19.78,64.68
06:50:00,21.12,65.25
06:50:00,21.68,67.36
06:50:00,23.27,72.07
06:50:00,23.41,63.93
06:55:00,1.96,64.29
06:55:00,3.55,67.02
06:55:00,5.39,68.08
06:55:00,6.88,62.60
06:55:00,7.6,60.35
06:55:00,8.8,62.16
06:55:00,9.03,59.95
06:55:00,9.45,64.80
06:55:00,10.27,61.33
06:55:00,11.05,59.25
06:55:00,12.94,63.46
06:55:00,13.58,62.24
06:55:00,14.32,54.14
06:55:00,14.56,65.31
06:55:00,15.09,43.60
06:55:00,16.2,61.84
06:55:00,18.1,61.70
06:55:00,19.4,64.50
06:55:00,19.78,64.33
06:55:00,21.12,64.94
06:55:00,21.68,67.71
06:55:00,23.27,71.88
06:55:00,23.41,63.48
07:00:00,1.96,64.65
07:00:00,3.55,67.05
07:00:00,5.39,68.10
07:00:00,6.88,63.29
07:00:00,7.6,60.45
07:00:00,8.8,61.77
07:00:00,9.03,64.17
07:00:00,9.45,64.12
07:00:00,10.27,61.57
07:00:00,11.05,58.19
07:00:00,12.94,63.38
07:00:00,13.58,62.40
07:00:00,14.32,53.67
07:00:00,14.56,62.67
07:00:00,15.09,47.39
07:00:00,16.2,61.68
07:00:00,18.1,61.96
07:00:00,19.4,64.38
07:00:00,19.78,63.94
07:00:00,21.12,63.69
07:00:00,21.68,66.56
07:00:00,23.27,72.07
07:00:00,23.41,63.58
07:05:00,1.96,64.16
07:05:00,3.55,67.43
07:05:00,5.39,68.25
07:05:00,6.88,63.76
07:05:00,7.6,60.29
07:05:00,8.8,62.18
07:05:00,9.03,56.64
07:05:00,9.45,64.14
07:05:00,10.27,61.84
07:05:00,11.05,58.28
07:05:00,12.94,62.78
07:05:00,13.58,62.40
07:05:00,14.32,54.11
07:05:00,14.56,67.20
07:05:00,15.09,44.85
07:05:00,16.2,61.56
07:05:00,18.1,61.44
07:05:00,19.4,64.07
07:05:00,19.78,63.89
07:05:00,21.12,63.38
07:05:00,21.68,66.28
07:05:00,23.27,71.44
07:05:00,23.41,62.85
07:10:00,1.96,64.35
07:10:00,3.55,67.33
07:10:00,5.39,68.38
07:10:00,6.88,63.36
07:10:00,7.6,60.00
07:10:00,8.8,62.10
07:10:00,9.03,63.28
07:10:00,9.45,63.89
07:10:00,10.27,61.70
07:10:00,11.05,58.22
07:10:00,12.94,62.99
07:10:00,13.58,61.90
07:10:00,14.32,55.14
07:10:00,14.56,66.98
07:10:00,15.09,45.16
07:10:00,16.2,61.23
07:10:00,18.1,60.88
07:10:00,19.4,64.38
07:10:00,19.78,64.02
07:10:00,21.12,64.12
07:10:00,21.68,65.55
07:10:00,23.27,71.01
07:10:00,23.41,62.72
07:15:00,1.96,64.51
07:15:00,3.55,66.50
07:15:00,5.39,68.23
07:15:00,6.88,63.74
07:15:00,7.6,60.05
07:15:00,8.8,61.92
07:15:00,9.03,62.77
07:15:00,9.45,64.68
07:15:00,10.27,62.06
07:15:00,11.05,58.48
07:15:00,12.94,62.69
07:15:00,13.58,61.41
07:15:00,14.32,55.10
07:15:00,14.56,65.65
07:15:00,15.09,50.54
07:15:00,16.2,61.33
07:15:00,18.1,60.95
07:15:00,19.4,63.97
07:15:00,19.78,63.67
07:15:00,21.12,64.31
07:15:00,21.68,65.38
07:15:00,23.27,71.43
07:15:00,23.41,63.27
07:20:00,1.96,64.41
07:20:00,3.55,66.99
07:20:00,5.39,68.09
07:20:00,6.88,63.85
07:20:00,7.6,60.36
07:20:00,8.8,62.25
07:20:00,9.03,61.57
07:20:00,9.45,63.97
07:20:00,10.27,61.89
07:20:00,11.05,58.40
07:20:00,12.94,63.02
07:20:00,13.58,62.38
07:20:00,14.32,55.73
07:20:00,14.56,65.51
07:20:00,15.09,44.56
07:20:00,16.2,61.71
07:20:00,18.1,61.41
07:20:00,19.4,64.30
07:20:00,19.78,63.84
07:20:00,21.12,63.80
07:20:00,21.68,66.41
07:20:00,23.27,71.30
07:20:00,23.41,62.94
07:25:00,1.96,64.51
07:25:00,3.55,67.24
07:25:00,5.39,68.25
07:25:00,6.88,63.86
07:25:00,7.6,60.43
07:25:00,8.8,62.10
07:25:00,9.03,65.10
07:25:00,9.45,64.26
07:25:00,10.27,61.63
07:25:00,11.05,58.29
07:25:00,12.94,63.03
07:25:00,13.58,62.31
07:25:00,14.32,55.88
07:25:00,14.56,66.71
07:25:00,15.09,51.80
07:25:00,16.2,61.92
07:25:00,18.1,61.58
07:25:00,19.4,64.32
07:25:00,19.78,64.04
07:25:00,21.12,63.64
07:25:00,21.68,66.05
07:25:00,23.27,71.26
07:25:00,23.41,63.30
07:30:00,1.96,64.68
07:30:00,3.55,66.92
07:30:00,5.39,67.91
07:30:00,6.88,63.01
07:30:00,7.6,60.46
07:30:00,8.8,62.00
07:30:00,9.03,65.30
07:30:00,9.45,64.24
07:30:00,10.27,61.86
07:30:00,11.05,58.35
07:30:00,12.94,62.98
07:30:00,13.58,62.25
07:30:00,14.32,56.43
07:30:00,14.56,65.88
07:30:00,15.09,47.48
07:30:00,16.2,61.63
07:30:00,18.1,60.96
07:30:00,19.4,64.35
07:30:00,19.78,63.77
07:30:00,21.12,64.07
07:30:00,21.68,64.88
07:30:00,23.27,71.20
07:30:00,23.41,63.04
07:35:00,1.96,64.64
07:35:00,3.55,67.00
07:35:00,5.39,68.04
07:35:00,6.88,63.53
07:35:00,7.6,60.53
07:35:00,8.8,61.69
07:35:00,9.03,62.82
07:35:00,9.45,64.47
07:35:00,10.27,61.62
07:35:00,11.05,58.28
07:35:00,12.94,63.49
07:35:00,13.58,62.72
07:35:00,14.32,56.43
07:35:00,14.56,66.12
07:35:00,15.09,53.34
07:35:00,16.2,61.61
07:35:00,18.1,61.54
07:35:00,19.4,64.44
07:35:00,19.78,63.53
07:35:00,21.12,63.86
07:35:00,21.68,65.93
07:35:00,23.27,71.38
07:35:00,23.41,62.87
07:40:00,1.96,64.17
07:40:00,3.55,66.85
07:40:00,5.39,68.12
07:40:00,6.88,63.40
07:40:00,7.6,60.38
07:40:00,8.8,61.72
07:40:00,9.03,61.56
07:40:00,9.45,64.08
07:40:00,10.27,60.90
07:40:00,11.05,58.14
07:40:00,12.94,62.92
07:40:00,13.58,62.53
07:40:00,14.32,57.27
07:40:00,14.56,66.68
07:40:00,15.09,49.67
07:40:00,16.2,61.59
07:40:00,18.1,61.25
07:40:00,19.4,64.54
07:40:00,19.78,63.90
07:40:00,21.12,64.20
07:40:00,21.68,64.97
07:40:00,23.27,70.99
07:40:00,23.41,62.92
07:45:00,1.96,64.52
07:45:00,3.55,66.74
07:45:00,5.39,67.68
07:45:00,6.88,64.06
07:45:00,7.6,60.36
07:45:00,8.8,61.68
07:45:00,9.03,62.57
07:45:00,9.45,64.03
07:45:00,10.27,61.56
07:45:00,11.05,58.38
07:45:00,12.94,63.18
07:45:00,13.58,62.78
07:45:00,14.32,57.57
07:45:00,14.56,67.29
07:45:00,15.09,50.78
07:45:00,16.2,61.62
07:45:00,18.1,61.31
07:45:00,19.4,64.39
07:45:00,19.78,63.86
07:45:00,21.12,64.47
07:45:00,21.68,65.66
07:45:00,23.27,71.31
07:45:00,23.41,63.23
07:50:00,1.96,64.32
07:50:00,3.55,67.13
07:50:00,5.39,68.37
07:50:00,6.88,64.37
07:50:00,7.6,60.39
07:50:00,8.8,61.82
07:50:00,9.03,61.67
07:50:00,9.45,63.97
07:50:00,10.27,61.82
07:50:00,11.05,58.39
07:50:00,12.94,63.24
07:50:00,13.58,62.92
07:50:00,14.32,57.33
07:50:00,14.56,63.74
07:50:00,15.09,50.03
07:50:00,16.2,62.27
07:50:00,18.1,61.62
07:50:00,19.4,64.49
07:50:00,19.78,64.13
07:50:00,21.12,64.93
07:50:00,21.68,65.62
07:50:00,23.27,71.52
07:50:00,23.41,63.40
07:55:00,1.96,64.95
07:55:00,3.55,67.17
07:55:00,5.39,68.03
07:55:00,6.88,63.37
07:55:00,7.6,60.37
07:55:00,8.8,62.12
07:55:00,9.03,66.16
07:55:00,9.45,64.58
07:55:00,10.27,61.55
07:55:00,11.05,58.98
07:55:00,12.94,63.03
07:55:00,13.58,62.38
07:55:00,14.32,56.97
07:55:00,14.56,66.79
07:55:00,15.09,53.12
07:55:00,16.2,62.07
07:55:00,18.1,61.62
07:55:00,19.4,64.59
07:55:00,19.78,64.08
07:55:00,21.12,64.28
07:55:00,21.68,64.80
07:55:00,23.27,71.93
07:55:00,23.41,63.07
08:00:00,1.96,64.59
08:00:00,3.55,67.08
08:00:00,5.39,67.85
08:00:00,6.88,64.06
08:00:00,7.6,60.25
08:00:00,8.8,61.81
08:00:00,9.03,60.93
08:00:00,9.45,63.89
08:00:00,10.27,61.79
08:00:00,11.05,59.25
08:00:00,12.94,63.44
08:00:00,13.58,62.77
08:00:00,14.32,57.62
08:00:00,14.56,66.31
08:00:00,15.09,47.55
08:00:00,16.2,61.48
08:00:00,18.1,61.49
08:00:00,19.4,64.32
08:00:00,19.78,63.83
08:00:00,21.12,64.72
08:00:00,21.68,65.66
08:00:00,23.27,71.47
08:00:00,23.41,63.38
08:05:00,1.96,64.41
08:05:00,3.55,66.80
08:05:00,5.39,68.33
08:05:00,6.88,63.53
08:05:00,7.6,59.81
08:05:00,8.8,61.86
08:05:00,9.03,61.43
08:05:00,9.45,64.31
08:05:00,10.27,61.58
08:05:00,11.05,59.33
08:05:00,12.94,63.06
08:05:00,13.58,62.09
08:05:00,14.32,57.39
08:05:00,14.56,67.89
08:05:00,15.09,50.19
08:05:00,16.2,61.51
08:05:00,18.1,61.60
08:05:00,19.4,64.22
08:05:00,19.78,63.53
08:05:00,21.12,64.12
08:05:00,21.68,65.25
08:05:00,23.27,71.29
08:05:00,23.41,63.25
08:10:00,1.96,64.33
08:10:00,3.55,67.01
08:10:00,5.39,68.19
08:10:00,6.88,63.60
08:10:00,7.6,59.89
08:10:00,8.8,61.85
08:10:00,9.03,62.71
08:10:00,9.45,64.00
08:10:00,10.27,61.85
08:10:00,11.05,58.81
08:10:00,12.94,62.74
08:10:00,13.58,62.17
08:10:00,14.32,57.89
08:10:00,14.56,66.59
08:10:00,15.09,53.51
08:10:00,16.2,61.66
08:10:00,18.1,61.27
08:10:00,19.4,64.03
08:10:00,19.78,63.32
08:10:00,21.12,64.08
08:10:00,21.68,66.50
08:10:00,23.27,71.30
08:10:00,23.41,63.04
08:15:00,1.96,64.56
08:15:00,3.55,67.26
08:15:00,5.39,68.24
08:15:00,6.88,63.51
08:15:00,7.6,60.05
08:15:00,8.8,61.99
08:15:00,9.03,63.43
08:15:00,9.45,64.03
08:15:00,10.27,61.65
08:15:00,11.05,58.76
08:15:00,12.94,63.23
08:15:00,13.58,62.07
08:15:00,14.32,57.76
08:15:00,14.56,66.84
08:15:00,15.09,49.52
08:15:00,16.2,61.66
08:15:00,18.1,61.07
08:15:00,19.4,64.24
08:15:00,19.78,63.54
08:15:00,21.12,64.50
08:15:00,21.68,66.95
08:15:00,23.27,70.83
08:15:00,23.41,62.94
08:20:00,1.96,64.33
08:20:00,3.55,67.13
08:20:00,5.39,68.13
08:20:00,6.88,64.50
08:20:00,7.6,60.11
08:20:00,8.8,62.05
08:20:00,9.03,64.03
08:20:00,9.45,64.50
08:20:00,10.27,61.99
08:20:00,11.05,59.19
08:20:00,12.94,62.87
08:20:00,13.58,62.09
08:20:00,14.32,58.60
08:20:00,14.56,66.71
08:20:00,15.09,54.25
08:20:00,16.2,61.92
08:20:00,18.1,60.63
08:20:00,19.4,63.99
08:20:00,19.78,63.44
08:20:00,21.12,64.37
08:20:00,21.68,67.61
08:20:00,23.27,71.10
08:20:00,23.41,62.78
08:25:00,1.96,64.45
08:25:00,3.55,66.90
08:25:00,5.39,68.21
08:25:00,6.88,63.44
08:25:00,7.6,59.98
08:25:00,8.8,61.89
08:25:00,9.03,61.37
08:25:00,9.45,64.03
08:25:00,10.27,61.76
08:25:00,11.05,59.37
08:25:00,12.94,62.97
08:25:00,13.58,62.05
08:25:00,14.32,58.56
08:25:00,14.56,65.92
08:25:00,15.09,55.64
08:25:00,16.2,61.75
08:25:00,18.1,60.73
08:25:00,19.4,63.85
08:25:00,19.78,63.17
08:25:00,21.12,63.69
08:25:00,21.68,66.42
08:25:00,23.27,70.75
08:25:00,23.41,63.19
08:30:00,1.96,64.57
08:30:00,3.55,66.80
08:30:00,5.39,67.95
08:30:00,6.88,63.34
08:30:00,7.6,60.14
08:30:00,8.8,61.83
08:30:00,9.03,65.72
08:30:00,9.45,64.06
08:30:00,10.27,61.81
08:30:00,11.05,59.27
08:30:00,12.94,62.47
08:30:00,13.58,61.86
08:30:00,14.32,58.09
08:30:00,14.56,67.26
08:30:00,15.09,54.03
08:30:00,16.2,61.32
08:30:00,18.1,61.06
08:30:00,19.4,63.72
08:30:00,19.78,62.83
08:30:00,21.12,63.96
08:30:00,21.68,65.91
08:30:00,23.27,70.90
08:30:00,23.41,62.57
08:35:00,1.96,64.56
08:35:00,3.55,67.16
08:35:00,5.39,67.86
08:35:00,6.88,64.13
08:35:00,7.6,59.94
08:35:00,8.8,61.58
08:35:00,9.03,62.08
08:35:00,9.45,63.77
08:35:00,10.27,61.54
08:35:00,11.05,58.46
08:35:00,12.94,62.40
08:35:00,13.58,61.45
08:35:00,14.32,58.68
08:35:00,14.56,65.23
08:35:00,15.09,55.98
08:35:00,16.2,61.03
08:35:00,18.1,60.05
08:35:00,19.4,63.57
08:35:00,19.78,62.48
08:35:00,21.12,63.71
08:35:00,21.68,64.80
08:35:00,23.27,70.83
08:35:00,23.41,62.84
08:40:00,1.96,64.07
08:40:00,3.55,67.09
08:40:00,5.39,68.32
08:40:00,6.88,64.24
08:40:00,7.6,59.46
08:40:00,8.8,61.84
08:40:00,9.03,62.93
08:40:00,9.45,64.18
08:40:00,10.27,61.81
08:40:00,11.05,58.32
08:40:00,12.94,62.48
08:40:00,13.58,61.41
08:40:00,14.32,58.80
08:40:00,14.56,66.67
08:40:00,15.09,55.36
08:40:00,16.2,60.73
08:40:00,18.1,60.71
08:40:00,19.4,63.41
08:40:00,19.78,62.60
08:40:00,21.12,63.13
08:40:00,21.68,65.31
08:40:00,23.27,70.51
08:40:00,23.41,62.23
08:45:00,1.96,64.46
08:45:00,3.55,66.92
08:45:00,5.39,68.23
08:45:00,6.88,63.52
08:45:00,7.6,59.72
08:45:00,8.8,61.64
08:45:00,9.03,60.68
08:45:00,9.45,64.36
08:45:00,10.27,61.62
08:45:00,11.05,58.63
08:45:00,12.94,62.61
08:45:00,13.58,61.60
08:45:00,14.32,58.92
08:45:00,14.56,67.67
08:45:00,15.09,57.32
08:45:00,16.2,61.00
08:45:00,18.1,60.26
08:45:00,19.4,63.45
08:45:00,19.78,62.52
08:45:00,21.12,63.82
08:45:00,21.68,65.19
08:45:00,23.27,70.50
08:45:00,23.41,62.80
08:50:00,1.96,64.73
08:50:00,3.55,67.11
08:50:00,5.39,68.30
08:50:00,6.88,64.08
08:50:00,7.6,59.61
08:50:00,8.8,61.30
08:50:00,9.03,63.74
08:50:00,9.45,64.00
08:50:00,10.27,61.26
08:50:00,11.05,58.49
08:50:00,12.94,62.86
08:50:00,13.58,62.20
08:50:00,14.32,59.08
08:50:00,14.56,67.45
08:50:00,15.09,57.00
08:50:00,16.2,61.11
08:50:00,18.1,60.39
08:50:00,19.4,63.73
08:50:00,19.78,62.88
08:50:00,21.12,63.81
08:50:00,21.68,65.15
08:50:00,23.27,70.69
08:50:00,23.41,62.87
08:55:00,1.96,64.63
08:55:00,3.55,67.04
08:55:00,5.39,68.38
08:55:00,6.88,64.05
08:55:00,7.6,60.29
08:55:00,8.8,61.70
08:55:00,9.03,59.42
08:55:00,9.45,64.39
08:55:00,10.27,62.48
08:55:00,11.05,58.55
08:55:00,12.94,62.95
08:55:00,13.58,62.01
08:55:00,14.32,58.79
08:55:00,14.56,67.32
08:55:00,15.09,55.87
08:55:00,16.2,61.59
08:55:00,18.1,60.67
08:55:00,19.4,63.76
08:55:00,19.78,63.16
08:55:00,21.12,64.28
08:55:00,21.68,66.01
08:55:00,23.27,70.80
08:55:00,23.41,62.76
09:00:00,1.96,64.55
09:00:00,3.55,66.84
09:00:00,5.39,68.03
09:00:00,6.88,63.96
09:00:00,7.6,60.11
09:00:00,8.8,61.67
09:00:00,9.03,61.19
09:00:00,9.45,64.12
09:00:00,10.27,61.76
09:00:00,11.05,58.71
09:00:00,12.94,62.96
09:00:00,13.58,62.19
09:00:00,14.32,58.72
09:00:00,14.56,67.04
09:00:00,15.09,55.54
09:00:00,16.2,61.47
09:00:00,18.1,60.88
09:00:00,19.4,63.83
09:00:00,19.78,63.10
09:00:00,21.12,64.18
09:00:00,21.68,66.07
09:00:00,23.27,71.13
09:00:00,23.41,62.91
09:05:00,1.96,64.32
09:05:00,3.55,66.73
09:05:00,5.39,67.86
09:05:00,6.88,63.60
09:05:00,7.6,60.14
09:05:00,8.8,61.40
09:05:00,9.03,63.18
09:05:00,9.45,63.83
09:05:00,10.27,61.54
09:05:00,11.05,59.26
09:05:00,12.94,62.63
09:05:00,13.58,62.18
09:05:00,14.32,58.93
09:05:00,14.56,66.97
09:05:00,15.09,56.46
09:05:00,16.2,61.26
09:05:00,18.1,60.74
09:05:00,19.4,63.76
09:05:00,19.78,62.98
09:05:00,21.12,63.73
09:05:00,21.68,65.57
09:05:00,23.27,70.82
09:05:00,23.41,62.93
09:10:00,1.96,64.41
09:10:00,3.55,66.64
09:10:00,5.39,68.26
09:10:00,6.88,63.35
09:10:00,7.6,60.01
09:10:00,8.8,61.13
09:10:00,9.03,62.31
09:10:00,9.45,63.96
09:10:00,10.27,61.66
09:10:00,11.05,58.99
09:10:00,12.94,62.37
09:10:00,13.58,61.33
09:10:00,14.32,58.85
09:10:00,14.56,67.36
09:10:00,15.09,57.29
09:10:00,16.2,61.05
09:10:00,18.1,60.26
09:10:00,19.4,63.53
09:10:00,19.78,62.44
09:10:00,21.12,64.33
09:10:00,21.68,65.43
09:10:00,23.27,70.44
09:10:00,23.41,62.48
09:15:00,1.96,64.46
09:15:00,3.55,66.48
09:15:00,5.39,68.01
09:15:00,6.88,62.31
09:15:00,7.6,60.00
09:15:00,8.8,61.27
09:15:00,9.03,63.61
09:15:00,9.45,63.62
09:15:00,10.27,61.26
09:15:00,11.05,57.99
09:15:00,12.94,62.48
09:15:00,13.58,61.56
09:15:00,14.32,58.94
09:15:00,14.56,67.14
09:15:00,15.09,59.30
09:15:00,16.2,61.12
09:15:00,18.1,60.19
09:15:00,19.4,63.17
09:15:00,19.78,62.37
09:15:00,21.12,63.91
09:15:00,21.68,65.44
09:15:00,23.27,70.30
09:15:00,23.41,62.57
09:20:00,1.96,64.61
09:20:00,3.55,66.66
09:20:00,5.39,67.86
09:20:00,6.88,62.86
09:20:00,7.6,59.92
09:20:00,8.8,61.02
09:20:00,9.03,62.46
09:20:00,9.45,63.24
09:20:00,10.27,61.18
09:20:00,11.05,57.33
09:20:00,12.94,62.28
09:20:00,13.58,61.75
09:20:00,14.32,59.00
09:20:00,14.56,67.02
09:20:00,15.09,57.57
09:20:00,16.2,60.95
09:20:00,18.1,60.30
09:20:00,19.4,63.24
09:20:00,19.78,62.60
09:20:00,21.12,63.90
09:20:00,21.68,64.73
09:20:00,23.27,70.05
09:20:00,23.41,62.35
09:25:00,1.96,64.51
09:25:00,3.55,66.48
09:25:00,5.39,67.78
09:25:00,6.88,62.60
09:25:00,7.6,59.78
09:25:00,8.8,60.94
09:25:00,9.03,62.70
09:25:00,9.45,62.95
09:25:00,10.27,61.48
09:25:00,11.05,56.63
09:25:00,12.94,62.25
09:25:00,13.58,61.64
09:25:00,14.32,59.37
09:25:00,14.56,67.49
09:25:00,15.09,59.27
09:25:00,16.2,60.98
09:25:00,18.1,60.55
09:25:00,19.4,63.20
09:25:00,19.78,62.35
09:25:00,21.12,63.54
09:25:00,21.68,64.29
09:25:00,23.27,70.11
09:25:00,23.41,62.28
09:30:00,1.96,64.40
09:30:00,3.55,66.09
09:30:00,5.39,67.50
09:30:00,6.88,62.54
09:30:00,7.6,59.69
09:30:00,8.8,61.03
09:30:00,9.03,62.35
09:30:00,9.45,63.19
09:30:00,10.27,60.70
09:30:00,11.05,57.40
09:30:00,12.94,62.44
09:30:00,13.58,61.59
09:30:00,14.32,58.81
09:30:00,14.56,67.69
09:30:00,15.09,57.77
09:30:00,16.2,60.71
09:30:00,18.1,59.75
09:30:00,19.4,63.11
09:30:00,19.78,62.08
09:30:00,21.12,64.11
09:30:00,21.68,63.97
09:30:00,23.27,70.06
09:30:00,23.41,62.28
09:35:00,1.96,64.12
09:35:00,3.55,66.32
09:35:00,5.39,67.61
09:35:00,6.88,62.52
09:35:00,7.6,59.83
09:35:00,8.8,60.91
09:35:00,9.03,60.66
09:35:00,9.45,63.31
09:35:00,10.27,61.45
09:35:00,11.05,57.94
09:35:00,12.94,62.13
09:35:00,13.58,61.40
09:35:00,14.32,59.35
09:35:00,14.56,66.74
09:35:00,15.09,58.80
09:35:00,16.2,60.73
09:35:00,18.1,60.06
09:35:00,19.4,62.82
09:35:00,19.78,61.90
09:35:00,21.12,64.01
09:35:00,21.68,64.67
09:35:00,23.27,70.24
09:35:00,23.41,61.97
09:40:00,1.96,63.87
09:40:00,3.55,65.87
09:40:00,5.39,67.21
09:40:00,6.88,63.37
09:40:00,7.6,59.68
09:40:00,8.8,60.72
09:40:00,9.03,58.92
09:40:00,9.45,63.29
09:40:00,10.27,61.06
09:40:00,11.05,58.46
09:40:00,12.94,62.22
09:40:00,13.58,61.67
09:40:00,14.32,59.33
09:40:00,14.56,67.41
09:40:00,15.09,59.48
09:40:00,16.2,60.67
09:40:00,18.1,59.92
09:40:00,19.4,62.89
09:40:00,19.78,61.95
09:40:00,21.12,64.07
09:40:00,21.68,65.85
09:40:00,23.27,69.92
09:40:00,23.41,62.49
09:45:00,1.96,64.21
09:45:00,3.55,65.95
09:45:00,5.39,67.54
09:45:00,6.88,63.24
09:45:00,7.6,59.74
09:45:00,8.8,60.76
09:45:00,9.03,61.86
09:45:00,9.45,63.09
09:45:00,10.27,60.93
09:45:00,11.05,58.14
09:45:00,12.94,62.06
09:45:00,13.58,61.51
09:45:00,14.32,59.32
09:45:00,14.56,68.30
09:45:00,15.09,58.95
09:45:00,16.2,60.03
09:45:00,18.1,59.79
09:45:00,19.4,62.94
09:45:00,19.78,61.65
09:45:00,21.12,63.65
09:45:00,21.68,64.87
09:45:00,23.27,69.76
09:45:00,23.41,62.34
09:50:00,1.96,64.40
09:50:00,3.55,66.05
09:50:00,5.39,67.55
09:50:00,6.88,63.28
09:50:00,7.6,59.78
09:50:00,8.8,61.00
09:50:00,9.03,62.63
09:50:00,9.45,63.18
09:50:00,10.27,61.28
09:50:00,11.05,58.66
09:50:00,12.94,62.28
09:50:00,13.58,61.41
09:50:00,14.32,59.22
09:50:00,14.56,67.54
09:50:00,15.09,57.99
09:50:00,16.2,59.98
09:50:00,18.1,59.81
09:50:00,19.4,62.97
09:50:00,19.78,62.26
09:50:00,21.12,64.26
09:50:00,21.68,64.69
09:50:00,23.27,69.89
09:50:00,23.41,62.31
09:55:00,1.96,64.42
09:55:00,3.55,66.36
09:55:00,5.39,67.41
09:55:00,6.88,63.24
09:55:00,7.6,59.58
09:55:00,8.8,61.09
09:55:00,9.03,61.91
09:55:00,9.45,63.63
09:55:00,10.27,61.30
09:55:00,11.05,59.10
09:55:00,12.94,62.80
09:55:00,13.58,61.94
09:55:00,14.32,58.98
09:55:00,14.56,67.96
09:55:00,15.09,59.11
09:55:00,16.2,61.04
09:55:00,18.1,60.12
09:55:00,19.4,63.25
09:55:00,19.78,62.20
09:55:00,21.12,64.46
09:55:00,21.68,64.79
09:55:00,23.27,70.39
09:55:00,23.41,62.42
10:00:00,1.96,64.08
10:00:00,3.55,66.08
10:00:00,5.39,67.57
10:00:00,6.88,63.67
10:00:00,7.6,59.70
10:00:00,8.8,61.04
10:00:00,9.03,59.31
10:00:00,9.45,63.45
10:00:00,10.27,61.27
10:00:00,11.05,58.77
10:00:00,12.94,62.33
10:00:00,13.58,61.89
10:00:00,14.32,59.25
10:00:00,14.56,67.76
10:00:00,15.09,57.65
10:00:00,16.2,61.25
10:00:00,18.1,60.23
10:00:00,19.4,63.41
10:00:00,19.78,62.30
10:00:00,21.12,64.20
10:00:00,21.68,65.68
10:00:00,23.27,70.70
10:00:00,23.41,62.70
10:05:00,1.96,64.04
10:05:00,3.55,65.87
10:05:00,5.39,67.23
10:05:00,6.88,63.17
10:05:00,7.6,59.66
10:05:00,8.8,60.79
10:05:00,9.03,59.53
10:05:00,9.45,63.08
10:05:00,10.27,61.08
10:05:00,11.05,58.68
10:05:00,12.94,62.39
10:05:00,13.58,61.55
10:05:00,14.32,59.78
10:05:00,14.56,67.28
10:05:00,15.09,58.82
10:05:00,16.2,60.92
10:05:00,18.1,60.09
10:05:00,19.4,63.11
10:05:00,19.78,62.05
10:05:00,21.12,63.85
10:05:00,21.68,64.83
10:05:00,23.27,70.30
10:05:00,23.41,62.30
10:10:00,1.96,64.20
10:10:00,3.55,65.99
10:10:00,5.39,66.85
10:10:00,6.88,62.57
10:10:00,7.6,59.24
10:10:00,8.8,60.54
10:10:00,9.03,58.96
10:10:00,9.45,62.84
10:10:00,10.27,61.22
10:10:00,11.05,58.06
10:10:00,12.94,62.08
10:10:00,13.58,61.68
10:10:00,14.32,59.15
10:10:00,14.56,66.44
10:10:00,15.09,59.72
10:10:00,16.2,60.98
10:10:00,18.1,59.80
10:10:00,19.4,62.73
10:10:00,19.78,61.84
10:10:00,21.12,63.65
10:10:00,21.68,64.90
10:10:00,23.27,69.93
10:10:00,23.41,61.80
10:15:00,1.96,64.06
10:15:00,3.55,65.81
10:15:00,5.39,67.09
10:15:00,6.88,63.19
10:15:00,7.6,59.63
10:15:00,8.8,60.10
10:15:00,9.03,59.33
10:15:00,9.45,62.85
10:15:00,10.27,61.22
10:15:00,11.05,57.36
10:15:00,12.94,61.86
10:15:00,13.58,61.69
10:15:00,14.32,59.25
10:15:00,14.56,66.96
10:15:00,15.09,59.16
10:15:00,16.2,60.54
10:15:00,18.1,60.26
10:15:00,19.4,63.07
10:15:00,19.78,61.65
10:15:00,21.12,63.05
10:15:00,21.68,64.65
10:15:00,23.27,70.04
10:15:00,23.41,62.01
10:20:00,1.96,63.91
10:20:00,3.55,65.56
10:20:00,5.39,66.90
10:20:00,6.88,63.37
10:20:00,7.6,59.41
10:20:00,8.8,60.55
10:20:00,9.03,60.48
10:20:00,9.45,62.81
10:20:00,10.27,60.83
10:20:00,11.05,57.68
10:20:00,12.94,61.97
10:20:00,13.58,61.34
10:20:00,14.32,59.02
10:20:00,14.56,67.66
10:20:00,15.09,58.47
10:20:00,16.2,60.48
10:20:00,18.1,60.39
10:20:00,19.4,63.05
10:20:00,19.78,61.89
10:20:00,21.12,63.21
10:20:00,21.68,63.57
10:20:00,23.27,69.77
10:20:00,23.41,61.49
10:25:00,1.96,63.92
10:25:00,3.55,65.35
10:25:00,5.39,66.46
10:25:00,6.88,62.76
10:25:00,7.6,59.41
10:25:00,8.8,60.07
10:25:00,9.03,59.97
10:25:00,9.45,62.72
10:25:00,10.27,60.87
10:25:00,11.05,57.12
10:25:00,12.94,62.15
10:25:00,13.58,61.17
10:25:00,14.32,59.40
10:25:00,14.56,66.62
10:25:00,15.09,56.10
10:25:00,16.2,60.68
10:25:00,18.1,60.03
10:25:00,19.4,63.14
10:25:00,19.78,61.70
10:25:00,21.12,63.43
10:25:00,21.68,64.33
10:25:00,23.27,69.67
10:25:00,23.41,61.51
10:30:00,1.96,63.34
10:30:00,3.55,65.06
10:30:00,5.39,66.37
10:30:00,6.88,62.39
10:30:00,7.6,59.24
10:30:00,8.8,59.33
10:30:00,9.03,61.51
10:30:00,9.45,62.07
10:30:00,10.27,60.81
10:30:00,11.05,56.41
10:30:00,12.94,61.87
10:30:00,13.58,61.38
10:30:00,14.32,59.42
10:30:00,14.56,67.14
10:30:00,15.09,58.19
10:30:00,16.2,60.96
10:30:00,18.1,59.68
10:30:00,19.4,62.78
10:30:00,19.78,61.76
10:30:00,21.12,63.42
10:30:00,21.68,64.73
10:30:00,23.27,69.83
10:30:00,23.41,61.83
10:35:00,1.96,63.52
10:35:00,3.55,64.82
10:35:00,5.39,65.88
10:35:00,6.88,62.05
10:35:00,7.6,58.87
10:35:00,8.8,59.74
10:35:00,9.03,59.46
10:35:00,9.45,62.10
10:35:00,10.27,60.65
10:35:00,11.05,56.64
10:35:00,12.94,61.85
10:35:00,13.58,61.30
10:35:00,14.32,59.02
10:35:00,14.56,67.19
10:35:00,15.09,58.04
10:35:00,16.2,60.16
10:35:00,18.1,59.73
10:35:00,19.4,62.59
10:35:00,19.78,61.31
10:35:00,21.12,63.34
10:35:00,21.68,63.91
10:35:00,23.27,69.57
10:35:00,23.41,61.57
10:40:00,1.96,63.64
10:40:00,3.55,64.88
10:40:00,5.39,65.98
10:40:00,6.88,62.43
10:40:00,7.6,58.56
10:40:00,8.8,59.46
10:40:00,9.03,56.95
10:40:00,9.45,61.85
10:40:00,10.27,60.62
10:40:00,11.05,57.10
10:40:00,12.94,61.85
10:40:00,13.58,61.43
10:40:00,14.32,58.98
10:40:00,14.56,67.15
10:40:00,15.09,59.98
10:40:00,16.2,60.46
10:40:00,18.1,59.50
10:40:00,19.4,62.16
10:40:00,19.78,61.00
10:40:00,21.12,63.25
10:40:00,21.68,64.28
10:40:00,23.27,69.55
10:40:00,23.41,61.33
10:45:00,1.96,63.67
10:45:00,3.55,65.02
10:45:00,5.39,66.29
10:45:00,6.88,62.63
10:45:00,7.6,58.42
10:45:00,8.8,60.00
10:45:00,9.03,58.18
10:45:00,9.45,62.05
10:45:00,10.27,60.53
10:45:00,11.05,56.72
10:45:00,12.94,61.66
10:45:00,13.58,61.14
10:45:00,14.32,59.32
10:45:00,14.56,67.51
10:45:00,15.09,60.44
10:45:00,16.2,60.27
10:45:00,18.1,59.43
10:45:00,19.4,62.47
10:45:00,19.78,61.03
10:45:00,21.12,63.17
10:45:00,21.68,64.98
10:45:00,23.27,69.68
10:45:00,23.41,61.51
10:50:00,1.96,63.58
10:50:00,3.55,65.22
10:50:00,5.39,66.32
10:50:00,6.88,62.65
10:50:00,7.6,59.16
10:50:00,8.8,60.03
10:50:00,9.03,58.43
10:50:00,9.45,62.57
10:50:00,10.27,60.67
10:50:00,11.05,56.86
10:50:00,12.94,61.75
10:50:00,13.58,61.35
10:50:00,14.32,59.07
10:50:00,14.56,66.67
10:50:00,15.09,58.95
10:50:00,16.2,60.76
10:50:00,18.1,59.61
10:50:00,19.4,62.63
10:50:00,19.78,61.36
10:50:00,21.12,63.69
10:50:00,21.68,64.69
10:50:00,23.27,69.43
10:50:00,23.41,61.65
10:55:00,1.96,64.10
10:55:00,3.55,65.49
10:55:00,5.39,66.84
10:55:00,6.88,63.15
10:55:00,7.6,59.41
10:55:00,8.8,60.21
10:55:00,9.03,60.03
10:55:00,9.45,62.34
10:55:00,10.27,60.82
10:55:00,11.05,57.07
10:55:00,12.94,61.78
10:55:00,13.58,61.53
10:55:00,14.32,58.64
10:55:00,14.56,66.71
10:55:00,15.09,59.78
10:55:00,16.2,60.83
10:55:00,18.1,59.91
10:55:00,19.4,62.58
10:55:00,19.78,61.40
10:55:00,21.12,63.95
10:55:00,21.68,64.93
10:55:00,23.27,69.53
10:55:00,23.41,61.64
11:00:00,1.96,63.90
11:00:00,3.55,65.51
11:00:00,5.39,66.67
11:00:00,6.88,62.83
11:00:00,7.6,59.26
11:00:00,8.8,60.53
11:00:00,9.03,60.13
11:00:00,9.45,62.72
11:00:00,10.27,60.99
11:00:00,11.05,57.53
11:00:00,12.94,61.79
11:00:00,13.58,61.48
11:00:00,14.32,58.99
11:00:00,14.56,68.75
11:00:00,15.09,58.85
11:00:00,16.2,60.95
11:00:00,18.1,59.71
11:00:00,19.4,62.68
11:00:00,19.78,61.89
11:00:00,21.12,63.47
11:00:00,21.68,64.63
11:00:00,23.27,69.59
11:00:00,23.41,61.82
11:05:00,1.96,63.91
11:05:00,3.55,65.58
11:05:00,5.39,66.64
11:05:00,6.88,62.64
11:05:00,7.6,59.37
11:05:00,8.8,60.39
11:05:00,9.03,59.00
11:05:00,9.45,62.59
11:05:00,10.27,60.86
11:05:00,11.05,57.81
11:05:00,12.94,61.82
11:05:00,13.58,61.44
11:05:00,14.32,59.37
11:05:00,14.56,67.64
11:05:00,15.09,59.17
11:05:00,16.2,60.84
11:05:00,18.1,60.06
11:05:00,19.4,62.69
11:05:00,19.78,61.60
11:05:00,21.12,63.37
11:05:00,21.68,64.47
11:05:00,23.27,69.99
11:05:00,23.41,61.83
11:10:00,1.96,64.01
11:10:00,3.55,65.09
11:10:00,5.39,66.09
11:10:00,6.88,62.84
11:10:00,7.6,59.45
11:10:00,8.8,60.11
11:10:00,9.03,58.51
11:10:00,9.45,62.56
11:10:00,10.27,60.79
11:10:00,11.05,57.63
11:10:00,12.94,61.58
11:10:00,13.58,61.12
11:10:00,14.32,59.09
11:10:00,14.56,67.45
11:10:00,15.09,58.37
11:10:00,16.2,60.74
11:10:00,18.1,59.95
11:10:00,19.4,62.96
11:10:00,19.78,62.05
11:10:00,21.12,63.36
11:10:00,21.68,64.30
11:10:00,23.27,69.36
11:10:00,23.41,61.36
11:15:00,1.96,63.67
11:15:00,3.55,64.85
11:15:00,5.39,66.26
11:15:00,6.88,62.99
11:15:00,7.6,59.53
11:15:00,8.8,60.06
11:15:00,9.03,59.96
11:15:00,9.45,62.40
11:15:00,10.27,61.02
11:15:00,11.05,57.71
11:15:00,12.94,61.87
11:15:00,13.58,61.06
11:15:00,14.32,59.07
11:15:00,14.56,67.97
11:15:00,15.09,60.20
11:15:00,16.2,60.45
11:15:00,18.1,59.72
11:15:00,19.4,62.61
11:15:00,19.78,61.65
11:15:00,21.12,63.50
11:15:00,21.68,64.73
11:15:00,23.27,69.60
11:15:00,23.41,61.39
11:20:00,1.96,63.79
11:20:00,3.55,64.55
11:20:00,5.39,65.93
11:20:00,6.88,62.53
11:20:00,7.6,59.38
11:20:00,8.8,60.21
11:20:00,9.03,60.07
11:20:00,9.45,62.26
11:20:00,10.27,60.91
11:20:00,11.05,57.62
11:20:00,12.94,62.08
11:20:00,13.58,61.20
11:20:00,14.32,59.20
11:20:00,14.56,67.66
11:20:00,15.09,59.45
11:20:00,16.2,60.80
11:20:00,18.1,59.89
11:20:00,19.4,62.64
11:20:00,19.78,61.72
11:20:00,21.12,63.27
11:20:00,21.68,64.06
11:20:00,23.27,69.33
11:20:00,23.41,61.34
11:25:00,1.96,64.21
11:25:00,3.55,64.97
11:25:00,5.39,66.46
11:25:00,6.88,62.88
11:25:00,7.6,59.04
11:25:00,8.8,60.18
11:25:00,9.03,59.94
11:25:00,9.45,62.53
11:25:00,10.27,60.88
11:25:00,11.05,57.16
11:25:00,12.94,61.80
11:25:00,13.58,61.40
11:25:00,14.32,59.14
11:25:00,14.56,67.55
11:25:00,15.09,60.45
11:25:00,16.2,61.14
11:25:00,18.1,59.93
11:25:00,19.4,62.59
11:25:00,19.78,61.57
11:25:00,21.12,63.70
11:25:00,21.68,63.25
11:25:00,23.27,69.28
11:25:00,23.41,61.17
11:30:00,1.96,63.62
11:30:00,3.55,64.97
11:30:00,5.39,65.87
11:30:00,6.88,62.48
11:30:00,7.6,59.57
11:30:00,8.8,60.24
11:30:00,9.03,59.97
11:30:00,9.45,62.59
11:30:00,10.27,61.00
11:30:00,11.05,57.20
11:30:00,12.94,61.87
11:30:00,13.58,61.36
11:30:00,14.32,59.30
11:30:00,14.56,66.96
11:30:00,15.09,56.42
11:30:00,16.2,60.82
11:30:00,18.1,59.76
11:30:00,19.4,62.57
11:30:00,19.78,61.48
11:30:00,21.12,63.34
11:30:00,21.68,63.41
11:30:00,23.27,69.15
11:30:00,23.41,60.87
11:35:00,1.96,63.46
11:35:00,3.55,64.83
11:35:00,5.39,65.82
11:35:00,6.88,62.47
11:35:00,7.6,59.27
11:35:00,8.8,59.79
11:35:00,9.03,58.63
11:35:00,9.45,62.49
11:35:00,10.27,61.23
11:35:00,11.05,56.18
11:35:00,12.94,61.94
11:35:00,13.58,61.66
11:35:00,14.32,59.02
11:35:00,14.56,67.70
11:35:00,15.09,59.79
11:35:00,16.2,60.85
11:35:00,18.1,59.98
11:35:00,19.4,62.81
11:35:00,19.78,61.81
11:35:00,21.12,63.53
11:35:00,21.68,63.82
11:35:00,23.27,69.16
11:35:00,23.41,60.82
11:40:00,1.96,63.78
11:40:00,3.55,64.95
11:40:00,5.39,65.63
11:40:00,6.88,61.93
11:40:00,7.6,59.15
11:40:00,8.8,60.18
11:40:00,9.03,58.84
11:40:00,9.45,62.46
11:40:00,10.27,60.95
11:40:00,11.05,56.18
11:40:00,12.94,61.78
11:40:00,13.58,61.24
11:40:00,14.32,59.31
11:40:00,14.56,67.58
11:40:00,15.09,61.20
11:40:00,16.2,60.38
11:40:00,18.1,60.03
11:40:00,19.4,62.56
11:40:00,19.78,61.38
11:40:00,21.12,63.35
11:40:00,21.68,63.12
11:40:00,23.27,68.63
11:40:00,23.41,60.27
11:45:00,1.96,63.56
11:45:00,3.55,64.97
11:45:00,5.39,65.97
11:45:00,6.88,62.39
11:45:00,7.6,59.25
11:45:00,8.8,59.82
11:45:00,9.03,59.24
11:45:00,9.45,62.23
11:45:00,10.27,60.47
11:45:00,11.05,56.77
11:45:00,12.94,61.74
11:45:00,13.58,61.16
11:45:00,14.32,58.91
11:45:00,14.56,68.22
11:45:00,15.09,59.62
11:45:00,16.2,60.13
11:45:00,18.1,59.85
11:45:00,19.4,62.71
11:45:00,19.78,61.30
11:45:00,21.12,62.87
11:45:00,21.68,63.86
11:45:00,23.27,68.55
11:45:00,23.41,60.72
11:50:00,1.96,63.86
11:50:00,3.55,64.32
11:50:00,5.39,65.70
11:50:00,6.88,62.68
11:50:00,7.6,59.08
11:50:00,8.8,59.96
11:50:00,9.03,57.63
11:50:00,9.45,62.35
11:50:00,10.27,60.82
11:50:00,11.05,56.92
11:50:00,12.94,61.88
11:50:00,13.58,61.29
11:50:00,14.32,59.05
11:50:00,14.56,68.19
11:50:00,15.09,59.65
11:50:00,16.2,60.39
11:50:00,18.1,59.77
11:50:00,19.4,62.53
11:50:00,19.78,61.55
11:50:00,21.12,63.35
11:50:00,21.68,63.56
11:50:00,23.27,68.63
11:50:00,23.41,60.87
11:55:00,1.96,64.11
11:55:00,3.55,63.96
11:55:00,5.39,66.10
11:55:00,6.88,61.58
11:55:00,7.6,59.02
11:55:00,8.8,59.58
11:55:00,9.03,58.04
11:55:00,9.45,62.33
11:55:00,10.27,60.95
11:55:00,11.05,55.81
11:55:00,12.94,62.13
11:55:00,13.58,61.11
11:55:00,14.32,59.21
11:55:00,14.56,66.67
11:55:00,15.09,60.48
11:55:00,16.2,60.63
11:55:00,18.1,60.21
11:55:00,19.4,62.53
11:55:00,19.78,61.42
11:55:00,21.12,63.82
11:55:00,21.68,63.06
11:55:00,23.27,68.91
11:55:00,23.41,60.98
12:00:00,1.96,64.08
12:00:00,3.55,63.56
12:00:00,5.39,65.72
12:00:00,6.88,62.59
12:00:00,7.6,59.45
12:00:00,8.8,59.95
12:00:00,9.03,58.57
12:00:00,9.45,62.15
12:00:00,10.27,60.71
12:00:00,11.05,56.05
12:00:00,12.94,61.81
12:00:00,13.58,61.10
12:00:00,14.32,59.32
12:00:00,14.56,66.92
12:00:00,15.09,58.02
12:00:00,16.2,61.07
12:00:00,18.1,60.48
12:00:00,19.4,62.71
12:00:00,19.78,61.63
12:00:00,21.12,63.71
12:00:00,21.68,63.60
12:00:00,23.27,68.92
12:00:00,23.41,61.11
12:05:00,1.96,63.72
12:05:00,3.55,63.28
12:05:00,5.39,65.69
12:05:00,6.88,62.63
12:05:00,7.6,59.14
12:05:00,8.8,59.75
12:05:00,9.03,60.04
12:05:00,9.45,62.05
12:05:00,10.27,60.82
12:05:00,11.05,56.40
12:05:00,12.94,61.65
12:05:00,13.58,61.02
12:05:00,14.32,59.31
12:05:00,14.56,67.45
12:05:00,15.09,60.00
12:05:00,16.2,60.68
12:05:00,18.1,59.37
12:05:00,19.4,62.62
12:05:00,19.78,61.26
12:05:00,21.12,63.78
12:05:00,21.68,62.86
12:05:00,23.27,68.88
12:05:00,23.41,61.10
12:10:00,1.96,63.69
12:10:00,3.55,63.21
12:10:00,5.39,65.46
12:10:00,6.88,62.05
12:10:00,7.6,59.10
12:10:00,8.8,59.54
12:10:00,9.03,61.19
12:10:00,9.45,62.26
12:10:00,10.27,60.48
12:10:00,11.05,56.66
12:10:00,12.94,61.73
12:10:00,13.58,61.20
12:10:00,14.32,59.01
12:10:00,14.56,67.07
12:10:00,15.09,58.71
12:10:00,16.2,60.31
12:10:00,18.1,59.51
12:10:00,19.4,62.54
12:10:00,19.78,61.29
12:10:00,21.12,63.65
12:10:00,21.68,64.00
12:10:00,23.27,68.64
12:10:00,23.41,60.76
12:15:00,1.96,63.52
12:15:00,3.55,62.89
12:15:00,5.39,65.25
12:15:00,6.88,61.90
12:15:00,7.6,58.79
12:15:00,8.8,59.72
12:15:00,9.03,59.20
12:15:00,9.45,61.72
12:15:00,10.27,60.44
12:15:00,11.05,55.80
12:15:00,12.94,61.46
12:15:00,13.58,61.03
12:15:00,14.32,59.09
12:15:00,14.56,66.46
12:15:00,15.09,59.69
12:15:00,16.2,59.85
12:15:00,18.1,59.30
12:15:00,19.4,62.15
12:15:00,19.78,60.47
12:15:00,21.12,63.55
12:15:00,21.68,64.59
12:15:00,23.27,68.65
12:15:00,23.41,60.64
12:20:00,1.96,63.23
12:20:00,3.55,63.16
12:20:00,5.39,64.95
12:20:00,6.88,62.24
12:20:00,7.6,58.66
12:20:00,8.8,59.38
12:20:00,9.03,58.70
12:20:00,9.45,61.82
12:20:00,10.27,60.43
12:20:00,11.05,55.82
12:20:00,12.94,61.24
12:20:00,13.58,60.92
12:20:00,14.32,59.14
12:20:00,14.56,67.02
12:20:00,15.09,59.31
12:20:00,16.2,59.37
12:20:00,18.1,59.34
12:20:00,19.4,61.75
12:20:00,19.78,60.23
12:20:00,21.12,62.95
12:20:00,21.68,63.10
12:20:00,23.27,68.44
12:20:00,23.41,60.63
12:25:00,1.96,62.78
12:25:00,3.55,63.09
12:25:00,5.39,65.20
12:25:00,6.88,62.16
12:25:00,7.6,58.30
12:25:00,8.8,59.51
12:25:00,9.03,61.15
12:25:00,9.45,61.47
12:25:00,10.27,60.17
12:25:00,11.05,55.40
12:25:00,12.94,61.23
12:25:00,13.58,60.64
12:25:00,14.32,58.92
12:25:00,14.56,66.82
12:25:00,15.09,60.10
12:25:00,16.2,59.04
12:25:00,18.1,59.28
12:25:00,19.4,61.69
12:25:00,19.78,60.14
12:25:00,21.12,63.07
12:25:00,21.68,63.48
12:25:00,23.27,68.02
12:25:00,23.41,60.06
12:30:00,1.96,62.35
12:30:00,3.55,63.23
12:30:00,5.39,64.94
12:30:00,6.88,61.86
12:30:00,7.6,58.53
12:30:00,8.8,59.07
12:30:00,9.03,60.77
12:30:00,9.45,61.48
12:30:00,10.27,59.79
12:30:00,11.05,54.59
12:30:00,12.94,61.30
12:30:00,13.58,60.71
12:30:00,14.32,58.92
12:30:00,14.56,67.18
12:30:00,15.09,58.45
12:30:00,16.2,59.08
12:30:00,18.1,58.88
12:30:00,19.4,61.28
12:30:00,19.78,59.83
12:30:00,21.12,63.13
12:30:00,21.68,63.39
12:30:00,23.27,67.97
12:30:00,23.41,60.14
12:35:00,1.96,62.30
12:35:00,3.55,62.92
12:35:00,5.39,65.24
12:35:00,6.88,62.04
12:35:00,7.6,58.83
12:35:00,8.8,59.26
12:35:00,9.03,57.87
12:35:00,9.45,61.47
12:35:00,10.27,60.21
12:35:00,11.05,54.99
12:35:00,12.94,61.34
12:35:00,13.58,60.74
12:35:00,14.32,59.02
12:35:00,14.56,67.05
12:35:00,15.09,59.17
12:35:00,16.2,59.10
12:35:00,18.1,58.71
12:35:00,19.4,61.27
12:35:00,19.78,59.77
12:35:00,21.12,62.91
12:35:00,21.68,62.41
12:35:00,23.27,67.84
12:35:00,23.41,60.25
12:40:00,1.96,62.48
12:40:00,3.55,63.18
12:40:00,5.39,64.77
12:40:00,6.88,62.01
12:40:00,7.6,58.72
12:40:00,8.8,58.89
12:40:00,9.03,58.17
12:40:00,9.45,61.30
12:40:00,10.27,60.59
12:40:00,11.05,54.80
12:40:00,12.94,61.17
12:40:00,13.58,60.41
12:40:00,14.32,58.72
12:40:00,14.56,67.31
12:40:00,15.09,58.10
12:40:00,16.2,58.93
12:40:00,18.1,58.85
12:40:00,19.4,61.40
12:40:00,19.78,59.76
12:40:00,21.12,62.98
12:40:00,21.68,63.29
12:40:00,23.27,67.75
12:40:00,23.41,59.80
12:45:00,1.96,62.50
12:45:00,3.55,62.69
12:45:00,5.39,65.45
12:45:00,6.88,61.77
12:45:00,7.6,58.47
12:45:00,8.8,59.20
12:45:00,9.03,60.82
12:45:00,9.45,61.45
12:45:00,10.27,60.33
12:45:00,11.05,55.40
12:45:00,12.94,61.37
12:45:00,13.58,60.51
12:45:00,14.32,58.90
12:45:00,14.56,66.50
12:45:00,15.09,57.97
12:45:00,16.2,59.23
12:45:00,18.1,58.70
12:45:00,19.4,60.90
12:45:00,19.78,59.85
12:45:00,21.12,63.35
12:45:00,21.68,62.75
12:45:00,23.27,67.24
12:45:00,23.41,59.56
12:50:00,1.96,62.31
12:50:00,3.55,63.05
12:50:00,5.39,65.20
12:50:00,6.88,61.94
12:50:00,7.6,58.98
12:50:00,8.8,59.32
12:50:00,9.03,59.47
12:50:00,9.45,61.68
12:50:00,10.27,60.65
12:50:00,11.05,55.31
12:50:00,12.94,61.28
12:50:00,13.58,61.07
12:50:00,14.32,58.92
12:50:00,14.56,66.11
12:50:00,15.09,59.18
12:50:00,16.2,59.47
12:50:00,18.1,59.23
12:50:00,19.4,60.68
12:50:00,19.78,59.58
12:50:00,21.12,63.54
12:50:00,21.68,62.12
12:50:00,23.27,67.42
12:50:00,23.41,60.24
12:55:00,1.96,61.88
12:55:00,3.55,62.71
12:55:00,5.39,65.44
12:55:00,6.88,62.30
12:55:00,7.6,58.82
12:55:00,8.8,59.48
12:55:00,9.03,58.44
12:55:00,9.45,61.72
12:55:00,10.27,60.47
12:55:00,11.05,55.44
12:55:00,12.94,61.34
12:55:00,13.58,60.54
12:55:00,14.32,59.23
12:55:00,14.56,67.27
12:55:00,15.09,59.04
12:55:00,16.2,59.51
12:55:00,18.1,58.87
12:55:00,19.4,61.11
12:55:00,19.78,60.08
12:55:00,21.12,63.57
12:55:00,21.68,63.40
12:55:00,23.27,67.52
12:55:00,23.41,60.10
13:00:00,1.96,61.92
13:00:00,3.55,62.51
13:00:00,5.39,64.89
13:00:00,6.88,62.16
13:00:00,7.6,58.67
13:00:00,8.8,59.56
13:00:00,9.03,60.29
13:00:00,9.45,62.10
13:00:00,10.27,60.12
13:00:00,11.05,55.40
13:00:00,12.94,61.28
13:00:00,13.58,60.92
13:00:00,14.32,58.83
13:00:00,14.56,66.18
13:00:00,15.09,59.56
13:00:00,16.2,59.59
13:00:00,18.1,59.40
13:00:00,19.4,61.98
13:00:00,19.78,60.35
13:00:00,21.12,63.64
13:00:00,21.68,63.14
13:00:00,23.27,67.29
13:00:00,23.41,60.15
13:05:00,1.96,62.84
13:05:00,3.55,62.51
13:05:00,5.39,64.78
13:05:00,6.88,61.96
13:05:00,7.6,58.64
13:05:00,8.8,58.94
13:05:00,9.03,56.95
13:05:00,9.45,61.87
13:05:00,10.27,60.42
13:05:00,11.05,56.33
13:05:00,12.94,61.36
13:05:00,13.58,60.57
13:05:00,14.32,58.83
13:05:00,14.56,67.30
13:05:00,15.09,58.81
13:05:00,16.2,59.62
13:05:00,18.1,58.95
13:05:00,19.4,61.89
13:05:00,19.78,60.27
13:05:00,21.12,63.56
13:05:00,21.68,63.50
13:05:00,23.27,67.26
13:05:00,23.41,60.16
13:10:00,1.96,62.88
13:10:00,3.55,62.27
13:10:00,5.39,64.73
13:10:00,6.88,61.79
13:10:00,7.6,58.94
13:10:00,8.8,59.30
13:10:00,9.03,55.80
13:10:00,9.45,61.58
13:10:00,10.27,60.15
13:10:00,11.05,56.28
13:10:00,12.94,61.38
13:10:00,13.58,60.75
13:10:00,14.32,58.92
13:10:00,14.56,67.66
13:10:00,15.09,59.41
13:10:00,16.2,59.42
13:10:00,18.1,59.43
13:10:00,19.4,61.88
13:10:00,19.78,60.30
13:10:00,21.12,63.25
13:10:00,21.68,62.62
13:10:00,23.27,67.56
13:10:00,23.41,60.08
13:15:00,1.96,63.48
13:15:00,3.55,63.00
13:15:00,5.39,64.57
13:15:00,6.88,61.73
13:15:00,7.6,58.48
13:15:00,8.8,58.38
13:15:00,9.03,56.80
13:15:00,9.45,61.31
13:15:00,10.27,60.32
13:15:00,11.05,55.79
13:15:00,12.94,61.33
13:15:00,13.58,60.83
13:15:00,14.32,58.89
13:15:00,14.56,67.83
13:15:00,15.09,58.87
13:15:00,16.2,59.53
13:15:00,18.1,59.42
13:15:00,19.4,61.88
13:15:00,19.78,60.21
13:15:00,21.12,63.60
13:15:00,21.68,62.13
13:15:00,23.27,67.40
13:15:00,23.41,60.05
13:20:00,1.96,63.75
13:20:00,3.55,63.21
13:20:00,5.39,64.96
13:20:00,6.88,62.19
13:20:00,7.6,58.49
13:20:00,8.8,58.47
13:20:00,9.03,58.91
13:20:00,9.45,61.11
13:20:00,10.27,59.67
13:20:00,11.05,55.85
13:20:00,12.94,61.24
13:20:00,13.58,60.62
13:20:00,14.32,58.97
13:20:00,14.56,67.27
13:20:00,15.09,59.59
13:20:00,16.2,59.64
13:20:00,18.1,59.06
13:20:00,19.4,62.06
13:20:00,19.78,60.43
13:20:00,21.12,63.83
13:20:00,21.68,62.75
13:20:00,23.27,67.64
13:20:00,23.41,60.53
13:25:00,1.96,63.87
13:25:00,3.55,63.43
13:25:00,5.39,65.07
13:25:00,6.88,61.69
13:25:00,7.6,58.51
13:25:00,8.8,59.25
13:25:00,9.03,59.38
13:25:00,9.45,61.46
13:25:00,10.27,60.39
13:25:00,11.05,56.16
13:25:00,12.94,61.29
13:25:00,13.58,60.88
13:25:00,14.32,59.10
13:25:00,14.56,67.52
13:25:00,15.09,59.30
13:25:00,16.2,59.48
13:25:00,18.1,59.44
13:25:00,19.4,61.90
13:25:00,19.78,60.25
13:25:00,21.12,63.41
13:25:00,21.68,62.72
13:25:00,23.27,67.46
13:25:00,23.41,60.61
13:30:00,1.96,63.65
13:30:00,3.55,63.41
13:30:00,5.39,65.38
13:30:00,6.88,61.69
13:30:00,7.6,58.91
13:30:00,8.8,59.32
13:30:00,9.03,58.08
13:30:00,9.45,61.75
13:30:00,10.27,60.79
13:30:00,11.05,56.42
13:30:00,12.94,61.43
13:30:00,13.58,60.73
13:30:00,14.32,59.05
13:30:00,14.56,67.17
13:30:00,15.09,58.63
13:30:00,16.2,59.49
13:30:00,18.1,59.25
13:30:00,19.4,62.17
13:30:00,19.78,60.61
13:30:00,21.12,63.67
13:30:00,21.68,61.68
13:30:00,23.27,67.52
13:30:00,23.41,60.13
13:35:00,1.96,63.89
13:35:00,3.55,64.01
13:35:00,5.39,64.90
13:35:00,6.88,60.74
13:35:00,7.6,58.54
13:35:00,8.8,59.34
13:35:00,9.03,59.82
13:35:00,9.45,61.75
13:35:00,10.27,60.32
13:35:00,11.05,56.74
13:35:00,12.94,61.44
13:35:00,13.58,60.87
13:35:00,14.32,59.02
13:35:00,14.56,67.18
13:35:00,15.09,60.53
13:35:00,16.2,59.40
13:35:00,18.1,59.50
13:35:00,19.4,61.98
13:35:00,19.78,60.05
13:35:00,21.12,63.66
13:35:00,21.68,61.58
13:35:00,23.27,67.93
13:35:00,23.41,60.71
13:40:00,1.96,63.79
13:40:00,3.55,64.61
13:40:00,5.39,65.67
13:40:00,6.88,61.16
13:40:00,7.6,58.97
13:40:00,8.8,59.24
13:40:00,9.03,58.02
13:40:00,9.45,61.56
13:40:00,10.27,60.42
13:40:00,11.05,56.51
13:40:00,12.94,61.51
13:40:00,13.58,60.85
13:40:00,14.32,58.84
13:40:00,14.56,66.23
13:40:00,15.09,59.98
13:40:00,16.2,59.77
13:40:00,18.1,58.86
13:40:00,19.4,61.99
13:40:00,19.78,60.42
13:40:00,21.12,63.10
13:40:00,21.68,62.29
13:40:00,23.27,67.59
13:40:00,23.41,60.55
13:45:00,1.96,63.90
13:45:00,3.55,64.31
13:45:00,5.39,65.38
13:45:00,6.88,61.98
13:45:00,7.6,58.44
13:45:00,8.8,59.50
13:45:00,9.03,57.85
13:45:00,9.45,61.82
13:45:00,10.27,60.51
13:45:00,11.05,56.16
13:45:00,12.94,61.29
13:45:00,13.58,60.47
13:45:00,14.32,58.76
13:45:00,14.56,67.60
13:45:00,15.09,58.70
13:45:00,16.2,59.35
13:45:00,18.1,58.85
13:45:00,19.4,61.95
13:45:00,19.78,60.37
13:45:00,21.12,62.99
13:45:00,21.68,62.05
13:45:00,23.27,67.48
13:45:00,23.41,60.17
13:50:00,1.96,63.64
13:50:00,3.55,64.07
13:50:00,5.39,65.57
13:50:00,6.88,62.48
13:50:00,7.6,58.97
13:50:00,8.8,59.32
13:50:00,9.03,57.77
13:50:00,9.45,61.95
13:50:00,10.27,60.78
13:50:00,11.05,57.44
13:50:00,12.94,61.54
13:50:00,13.58,60.48
13:50:00,14.32,59.18
13:50:00,14.56,67.03
13:50:00,15.09,59.81
13:50:00,16.2,59.78
13:50:00,18.1,59.03
13:50:00,19.4,61.97
13:50:00,19.78,60.61
13:50:00,21.12,63.44
13:50:00,21.68,61.75
13:50:00,23.27,67.62
13:50:00,23.41,60.48
13:55:00,1.96,63.93
13:55:00,3.55,64.02
13:55:00,5.39,65.09
13:55:00,6.88,61.83
13:55:00,7.6,59.15
13:55:00,8.8,59.40
13:55:00,9.03,57.94
13:55:00,9.45,62.47
13:55:00,10.27,60.73
13:55:00,11.05,56.16
13:55:00,12.94,61.78
13:55:00,13.58,60.95
13:55:00,14.32,59.10
13:55:00,14.56,67.80
13:55:00,15.09,60.74
13:55:00,16.2,59.84
13:55:00,18.1,59.02
13:55:00,19.4,62.05
13:55:00,19.78,60.39
13:55:00,21.12,63.34
13:55:00,21.68,61.32
13:55:00,23.27,67.69
13:55:00,23.41,60.20
14:00:00,1.96,63.91
14:00:00,3.55,64.67
14:00:00,5.39,65.43
14:00:00,6.88,62.12
14:00:00,7.6,58.90
14:00:00,8.8,59.39
14:00:00,9.03,56.86
14:00:00,9.45,61.98
14:00:00,10.27,60.94
14:00:00,11.05,55.74
14:00:00,12.94,61.84
14:00:00,13.58,61.14
14:00:00,14.32,59.30
14:00:00,14.56,67.17
14:00:00,15.09,58.33
14:00:00,16.2,59.79
14:00:00,18.1,59.38
14:00:00,19.4,61.92
14:00:00,19.78,60.74
14:00:00,21.12,63.17
14:00:00,21.68,62.67
14:00:00,23.27,67.81
14:00:00,23.41,59.61
14:05:00,1.96,64.04
14:05:00,3.55,64.85
14:05:00,5.39,65.67
14:05:00,6.88,61.21
14:05:00,7.6,58.67
14:05:00,8.8,59.54
14:05:00,9.03,58.50
14:05:00,9.45,61.92
14:05:00,10.27,60.83
14:05:00,11.05,55.95
14:05:00,12.94,61.65
14:05:00,13.58,60.79
14:05:00,14.32,59.14
14:05:00,14.56,66.87
14:05:00,15.09,58.18
14:05:00,16.2,59.68
14:05:00,18.1,59.36
14:05:00,19.4,62.15
14:05:00,19.78,60.57
14:05:00,21.12,63.20
14:05:00,21.68,62.38
14:05:00,23.27,67.77
14:05:00,23.41,59.83
14:10:00,1.96,64.16
14:10:00,3.55,64.62
14:10:00,5.39,65.58
14:10:00,6.88,61.28
14:10:00,7.6,58.68
14:10:00,8.8,59.61
14:10:00,9.03,59.73
14:10:00,9.45,61.80
14:10:00,10.27,60.52
14:10:00,11.05,55.94
14:10:00,12.94,61.67
14:10:00,13.58,60.61
14:10:00,14.32,59.02
14:10:00,14.56,66.79
14:10:00,15.09,58.36
14:10:00,16.2,59.65
14:10:00,18.1,59.42
14:10:00,19.4,61.90
14:10:00,19.78,60.72
14:10:00,21.12,63.53
14:10:00,21.68,61.93
14:10:00,23.27,67.07
14:10:00,23.41,60.38
14:15:00,1.96,63.66
14:15:00,3.55,63.91
14:15:00,5.39,65.40
14:15:00,6.88,62.19
14:15:00,7.6,58.91
14:15:00,8.8,59.51
14:15:00,9.03,57.81
14:15:00,9.45,61.90
14:15:00,10.27,60.50
14:15:00,11.05,55.97
14:15:00,12.94,61.96
14:15:00,13.58,61.02
14:15:00,14.32,59.00
14:15:00,14.56,66.96
14:15:00,15.09,58.65
14:15:00,16.2,59.36
14:15:00,18.1,59.52
14:15:00,19.4,61.71
14:15:00,19.78,60.53
14:15:00,21.12,63.48
14:15:00,21.68,62.53
14:15:00,23.27,67.17
14:15:00,23.41,59.20
14:20:00,1.96,63.68
14:20:00,3.55,64.11
14:20:00,5.39,65.31
14:20:00,6.88,62.14
14:20:00,7.6,59.03
14:20:00,8.8,59.35
14:20:00,9.03,60.72
14:20:00,9.45,61.73
14:20:00,10.27,60.70
14:20:00,11.05,55.97
14:20:00,12.94,61.78
14:20:00,13.58,60.81
14:20:00,14.32,59.07
14:20:00,14.56,67.23
14:20:00,15.09,59.10
14:20:00,16.2,59.37
14:20:00,18.1,59.37
14:20:00,19.4,61.91
14:20:00,19.78,60.69
14:20:00,21.12,63.54
14:20:00,21.68,61.82
14:20:00,23.27,66.72
14:20:00,23.41,58.65
14:25:00,1.96,64.07
14:25:00,3.55,64.38
14:25:00,5.39,65.28
14:25:00,6.88,62.02
14:25:00,7.6,58.63
14:25:00,8.8,59.27
14:25:00,9.03,58.31
14:25:00,9.45,61.99
14:25:00,10.27,60.98
14:25:00,11.05,56.16
14:25:00,12.94,61.89
14:25:00,13.58,60.73
14:25:00,14.32,58.77
14:25:00,14.56,66.66
14:25:00,15.09,60.36
14:25:00,16.2,59.33
14:25:00,18.1,59.09
14:25:00,19.4,61.75
14:25:00,19.78,60.42
14:25:00,21.12,63.25
14:25:00,21.68,63.15
14:25:00,23.27,66.40
14:25:00,23.41,58.62
14:30:00,1.96,63.78
14:30:00,3.55,64.64
14:30:00,5.39,65.77
14:30:00,6.88,61.53
14:30:00,7.6,58.07
14:30:00,8.8,59.95
14:30:00,9.03,56.01
14:30:00,9.45,62.25
14:30:00,10.27,60.96
14:30:00,11.05,56.34
14:30:00,12.94,61.80
14:30:00,13.58,60.96
14:30:00,14.32,58.67
14:30:00,14.56,68.26
14:30:00,15.09,57.99
14:30:00,16.2,59.47
14:30:00,18.1,58.25
14:30:00,19.4,61.54
14:30:00,19.78,60.54
14:30:00,21.12,63.28
14:30:00,21.68,62.84
14:30:00,23.27,66.39
14:30:00,23.41,59.23
14:35:00,1.96,64.08
14:35:00,3.55,64.31
14:35:00,5.39,65.44
14:35:00,6.88,62.14
14:35:00,7.6,58.55
14:35:00,8.8,59.77
14:35:00,9.03,61.48
14:35:00,9.45,61.47
14:35:00,10.27,60.98
14:35:00,11.05,56.13
14:35:00,12.94,61.85
14:35:00,13.58,60.97
14:35:00,14.32,59.18
14:35:00,14.56,66.09
14:35:00,15.09,59.79
14:35:00,16.2,59.75
14:35:00,18.1,57.39
14:35:00,19.4,61.69
14:35:00,19.78,60.17
14:35:00,21.12,62.79
14:35:00,21.68,62.43
14:35:00,23.27,66.36
14:35:00,23.41,59.65
14:40:00,1.96,63.88
14:40:00,3.55,64.50
14:40:00,5.39,65.60
14:40:00,6.88,62.24
14:40:00,7.6,58.05
14:40:00,8.8,59.50
14:40:00,9.03,58.04
14:40:00,9.45,60.95
14:40:00,10.27,60.96
14:40:00,11.05,56.22
14:40:00,12.94,61.61
14:40:00,13.58,60.95
14:40:00,14.32,59.03
14:40:00,14.56,67.28
14:40:00,15.09,59.65
14:40:00,16.2,59.23
14:40:00,18.1,57.10
14:40:00,19.4,61.18
14:40:00,19.78,60.16
14:40:00,21.12,63.12
14:40:00,21.68,61.26
14:40:00,23.27,65.59
14:40:00,23.41,59.18
14:45:00,1.96,64.11
14:45:00,3.55,64.39
14:45:00,5.39,65.47
14:45:00,6.88,61.00
14:45:00,7.6,58.21
14:45:00,8.8,59.64
14:45:00,9.03,58.50
14:45:00,9.45,61.14
14:45:00,10.27,60.97
14:45:00,11.05,56.27
14:45:00,12.94,61.64
14:45:00,13.58,60.94
14:45:00,14.32,58.99
14:45:00,14.56,67.62
14:45:00,15.09,59.70
14:45:00,16.2,59.24
14:45:00,18.1,57.06
14:45:00,19.4,60.62
14:45:00,19.78,59.41
14:45:00,21.12,63.06
14:45:00,21.68,62.76
14:45:00,23.27,65.61
14:45:00,23.41,59.17
14:50:00,1.96,63.97
14:50:00,3.55,64.48
14:50:00,5.39,65.53
14:50:00,6.88,61.70
14:50:00,7.6,58.34
14:50:00,8.8,58.78
14:50:00,9.03,61.77
14:50:00,9.45,61.39
14:50:00,10.27,60.84
14:50:00,11.05,56.64
14:50:00,12.94,61.81
14:50:00,13.58,61.02
14:50:00,14.32,59.31
14:50:00,14.56,67.81
14:50:00,15.09,59.36
14:50:00,16.2,59.66
14:50:00,18.1,56.79
14:50:00,19.4,60.59
14:50:00,19.78,59.83
14:50:00,21.12,63.23
14:50:00,21.68,62.75
14:50:00,23.27,66.12
14:50:00,23.41,58.61
14:55:00,1.96,64.00
14:55:00,3.55,64.52
14:55:00,5.39,65.42
14:55:00,6.88,61.18
14:55:00,7.6,58.53
14:55:00,8.8,59.09
14:55:00,9.03,56.51
14:55:00,9.45,61.45
14:55:00,10.27,60.62
14:55:00,11.05,56.00
14:55:00,12.94,61.79
14:55:00,13.58,60.97
14:55:00,14.32,59.09
14:55:00,14.56,66.84
14:55:00,15.09,59.18
14:55:00,16.2,59.93
14:55:00,18.1,57.12
14:55:00,19.4,61.05
14:55:00,19.78,59.85
14:55:00,21.12,63.11
14:55:00,21.68,62.15
14:55:00,23.27,65.94
14:55:00,23.41,58.98
15:00:00,1.96,64.03
15:00:00,3.55,64.75
15:00:00,5.39,65.84
15:00:00,6.88,61.46
15:00:00,7.6,58.93
15:00:00,8.8,59.08
15:00:00,9.03,57.07
15:00:00,9.45,61.33
15:00:00,10.27,61.21
15:00:00,11.05,56.94
15:00:00,12.94,61.72
15:00:00,13.58,61.01
15:00:00,14.32,59.11
15:00:00,14.56,67.20
15:00:00,15.09,57.45
15:00:00,16.2,59.51
15:00:00,18.1,57.31
15:00:00,19.4,61.38
15:00:00,19.78,60.53
15:00:00,21.12,63.42
15:00:00,21.68,63.24
15:00:00,23.27,66.37
15:00:00,23.41,59.25
15:05:00,1.96,63.87
15:05:00,3.55,64.81
15:05:00,5.39,66.01
15:05:00,6.88,61.59
15:05:00,7.6,59.18
15:05:00,8.8,58.94
15:05:00,9.03,55.99
15:05:00,9.45,61.21
15:05:00,10.27,61.22
15:05:00,11.05,57.69
15:05:00,12.94,62.37
15:05:00,13.58,61.07
15:05:00,14.32,59.21
15:05:00,14.56,67.09
15:05:00,15.09,59.30
15:05:00,16.2,58.75
15:05:00,18.1,57.28
15:05:00,19.4,61.92
15:05:00,19.78,60.54
15:05:00,21.12,63.14
15:05:00,21.68,63.20
15:05:00,23.27,66.49
15:05:00,23.41,59.53
15:10:00,1.96,63.98
15:10:00,3.55,64.41
15:10:00,5.39,65.76
15:10:00,6.88,61.35
15:10:00,7.6,59.43
15:10:00,8.8,58.90
15:10:00,9.03,57.95
15:10:00,9.45,61.67
15:10:00,10.27,60.93
15:10:00,11.05,57.56
15:10:00,12.94,61.90
15:10:00,13.58,61.42
15:10:00,14.32,59.09
15:10:00,14.56,67.26
15:10:00,15.09,59.18
15:10:00,16.2,58.56
15:10:00,18.1,57.41
15:10:00,19.4,61.57
15:10:00,19.78,60.29
15:10:00,21.12,63.30
15:10:00,21.68,63.06
15:10:00,23.27,66.23
15:10:00,23.41,59.13
15:15:00,1.96,63.92
15:15:00,3.55,64.27
15:15:00,5.39,65.60
15:15:00,6.88,60.56
15:15:00,7.6,59.17
15:15:00,8.8,59.04
15:15:00,9.03,57.96
15:15:00,9.45,62.51
15:15:00,10.27,60.71
15:15:00,11.05,57.06
15:15:00,12.94,62.02
15:15:00,13.58,61.09
15:15:00,14.32,58.71
15:15:00,14.56,67.40
15:15:00,15.09,57.89
15:15:00,16.2,58.72
15:15:00,18.1,58.20
15:15:00,19.4,61.53
15:15:00,19.78,60.00
15:15:00,21.12,62.80
15:15:00,21.68,63.23
15:15:00,23.27,66.02
15:15:00,23.41,59.06
15:20:00,1.96,63.31
15:20:00,3.55,63.90
15:20:00,5.39,65.67
15:20:00,6.88,60.80
15:20:00,7.6,59.03
15:20:00,8.8,59.08
15:20:00,9.03,57.40
15:20:00,9.45,62.44
15:20:00,10.27,60.60
15:20:00,11.05,56.86
15:20:00,12.94,61.96
15:20:00,13.58,60.69
15:20:00,14.32,59.00
15:20:00,14.56,67.79
15:20:00,15.09,59.09
15:20:00,16.2,58.84
15:20:00,18.1,58.82
15:20:00,19.4,61.09
15:20:00,19.78,59.50
15:20:00,21.12,63.43
15:20:00,21.68,62.32
15:20:00,23.27,66.26
15:20:00,23.41,58.85
15:25:00,1.96,63.72
15:25:00,3.55,63.88
15:25:00,5.39,65.37
15:25:00,6.88,61.03
15:25:00,7.6,59.08
15:25:00,8.8,59.68
15:25:00,9.03,60.34
15:25:00,9.45,62.68
15:25:00,10.27,61.10
15:25:00,11.05,56.53
15:25:00,12.94,61.78
15:25:00,13.58,60.76
15:25:00,14.32,59.47
15:25:00,14.56,67.10
15:25:00,15.09,60.23
15:25:00,16.2,58.66
15:25:00,18.1,58.81
15:25:00,19.4,61.36
15:25:00,19.78,59.69
15:25:00,21.12,63.43
15:25:00,21.68,62.43
15:25:00,23.27,66.21
15:25:00,23.41,58.64
15:30:00,1.96,63.77
15:30:00,3.55,64.12
15:30:00,5.39,65.45
15:30:00,6.88,61.03
15:30:00,7.6,59.08
15:30:00,8.8,59.73
15:30:00,9.03,59.28
15:30:00,9.45,62.52
15:30:00,10.27,60.69
15:30:00,11.05,57.03
15:30:00,12.94,61.68
15:30:00,13.58,61.01
15:30:00,14.32,59.52
15:30:00,14.56,67.08
15:30:00,15.09,57.65
15:30:00,16.2,59.33
15:30:00,18.1,57.93
15:30:00,19.4,60.73
15:30:00,19.78,59.48
15:30:00,21.12,63.28
15:30:00,21.68,61.87
15:30:00,23.27,66.15
15:30:00,23.41,58.68
15:35:00,1.96,63.85
15:35:00,3.55,64.37
15:35:00,5.39,65.56
15:35:00,6.88,61.48
15:35:00,7.6,58.77
15:35:00,8.8,59.96
15:35:00,9.03,60.33
15:35:00,9.45,62.60
15:35:00,10.27,61.13
15:35:00,11.05,57.44
15:35:00,12.94,61.39
15:35:00,13.58,60.70
15:35:00,14.32,58.89
15:35:00,14.56,67.41
15:35:00,15.09,58.75
15:35:00,16.2,59.30
15:35:00,18.1,58.21
15:35:00,19.4,60.44
15:35:00,19.78,59.14
15:35:00,21.12,62.98
15:35:00,21.68,62.52
15:35:00,23.27,65.85
15:35:00,23.41,58.35
15:40:00,1.96,63.72
15:40:00,3.55,64.08
15:40:00,5.39,65.42
15:40:00,6.88,61.45
15:40:00,7.6,58.84
15:40:00,8.8,59.77
15:40:00,9.03,56.65
15:40:00,9.45,62.67
15:40:00,10.27,61.08
15:40:00,11.05,56.79
15:40:00,12.94,61.45
15:40:00,13.58,60.88
15:40:00,14.32,59.00
15:40:00,14.56,67.13
15:40:00,15.09,56.97
15:40:00,16.2,58.75
15:40:00,18.1,57.10
15:40:00,19.4,60.17
15:40:00,19.78,59.06
15:40:00,21.12,63.37
15:40:00,21.68,63.01
15:40:00,23.27,65.07
15:40:00,23.41,58.51
15:45:00,1.96,63.86
15:45:00,3.55,64.39
15:45:00,5.39,65.33
15:45:00,6.88,61.38
15:45:00,7.6,58.84
15:45:00,8.8,59.46
15:45:00,9.03,59.97
15:45:00,9.45,62.25
15:45:00,10.27,60.41
15:45:00,11.05,56.00
15:45:00,12.94,61.73
15:45:00,13.58,60.86
15:45:00,14.32,59.31
15:45:00,14.56,67.67
15:45:00,15.09,57.76
15:45:00,16.2,59.13
15:45:00,18.1,57.02
15:45:00,19.4,60.67
15:45:00,19.78,59.57
15:45:00,21.12,63.26
15:45:00,21.68,63.43
15:45:00,23.27,65.22
15:45:00,23.41,58.81
15:50:00,1.96,63.75
15:50:00,3.55,64.16
15:50:00,5.39,65.66
15:50:00,6.88,61.62
15:50:00,7.6,59.05
15:50:00,8.8,59.75
15:50:00,9.03,61.45
15:50:00,9.45,62.31
15:50:00,10.27,60.71
15:50:00,11.05,55.53
15:50:00,12.94,61.63
15:50:00,13.58,60.65
15:50:00,14.32,59.26
15:50:00,14.56,66.97
15:50:00,15.09,58.80
15:50:00,16.2,58.79
15:50:00,18.1,57.19
15:50:00,19.4,61.46
15:50:00,19.78,60.23
15:50:00,21.12,63.39
15:50:00,21.68,63.43
15:50:00,23.27,65.25
15:50:00,23.41,58.51
15:55:00,1.96,64.12
15:55:00,3.55,64.82
15:55:00,5.39,65.68
15:55:00,6.88,61.60
15:55:00,7.6,59.39
15:55:00,8.8,59.96
15:55:00,9.03,59.83
15:55:00,9.45,62.44
15:55:00,10.27,60.97
15:55:00,11.05,55.96
15:55:00,12.94,61.58
15:55:00,13.58,61.00
15:55:00,14.32,59.40
15:55:00,14.56,67.84
15:55:00,15.09,58.82
15:55:00,16.2,58.65
15:55:00,18.1,57.33
15:55:00,19.4,61.65
15:55:00,19.78,60.60
15:55:00,21.12,63.54
15:55:00,21.68,63.43
15:55:00,23.27,65.21
15:55:00,23.41,58.40
16:00:00,1.96,64.30
16:00:00,3.55,64.83
16:00:00,5.39,65.98
16:00:00,6.88,61.68
16:00:00,7.6,59.21
16:00:00,8.8,60.01
16:00:00,9.03,59.20
16:00:00,9.45,62.51
16:00:00,10.27,61.11
16:00:00,11.05,57.01
16:00:00,12.94,61.83
16:00:00,13.58,60.95
16:00:00,14.32,59.04
16:00:00,14.56,67.65
16:00:00,15.09,58.85
16:00:00,16.2,59.40
16:00:00,18.1,57.81
16:00:00,19.4,61.23
16:00:00,19.78,60.13
16:00:00,21.12,62.91
16:00:00,21.68,62.64
16:00:00,23.27,65.35
16:00:00,23.41,59.44
16:05:00,1.96,63.97
16:05:00,3.55,64.60
16:05:00,5.39,65.93
16:05:00,6.88,61.86
16:05:00,7.6,58.71
16:05:00,8.8,60.24
16:05:00,9.03,61.74
16:05:00,9.45,62.64
16:05:00,10.27,61.06
16:05:00,11.05,57.06
16:05:00,12.94,61.90
16:05:00,13.58,61.01
16:05:00,14.32,59.28
16:05:00,14.56,66.86
16:05:00,15.09,60.23
16:05:00,16.2,58.97
16:05:00,18.1,57.51
16:05:00,19.4,60.47
16:05:00,19.78,59.88
16:05:00,21.12,63.40
16:05:00,21.68,63.16
16:05:00,23.27,65.63
16:05:00,23.41,59.42
16:10:00,1.96,64.05
16:10:00,3.55,64.45
16:10:00,5.39,65.78
16:10:00,6.88,62.01
16:10:00,7.6,59.09
16:10:00,8.8,59.98
16:10:00,9.03,58.06
16:10:00,9.45,62.44
16:10:00,10.27,60.58
16:10:00,11.05,56.62
16:10:00,12.94,61.75
16:10:00,13.58,61.20
16:10:00,14.32,59.40
16:10:00,14.56,66.40
16:10:00,15.09,58.71
16:10:00,16.2,58.77
16:10:00,18.1,57.82
16:10:00,19.4,60.44
16:10:00,19.78,59.52
16:10:00,21.12,63.00
16:10:00,21.68,62.75
16:10:00,23.27,66.31
16:10:00,23.41,59.06
16:15:00,1.96,63.88
16:15:00,3.55,64.37
16:15:00,5.39,65.83
16:15:00,6.88,61.62
16:15:00,7.6,58.84
16:15:00,8.8,59.73
16:15:00,9.03,59.82
16:15:00,9.45,62.61
16:15:00,10.27,61.23
16:15:00,11.05,56.27
16:15:00,12.94,61.96
16:15:00,13.58,60.62
16:15:00,14.32,58.89
16:15:00,14.56,66.05
16:15:00,15.09,57.95
16:15:00,16.2,57.63
16:15:00,18.1,57.45
16:15:00,19.4,60.34
16:15:00,19.78,59.63
16:15:00,21.12,62.96
16:15:00,21.68,62.71
16:15:00,23.27,65.74
16:15:00,23.41,58.31
16:20:00,1.96,64.03
16:20:00,3.55,64.16
16:20:00,5.39,65.14
16:20:00,6.88,61.42
16:20:00,7.6,58.73
16:20:00,8.8,59.62
16:20:00,9.03,61.67
16:20:00,9.45,62.29
16:20:00,10.27,60.82
16:20:00,11.05,56.21
16:20:00,12.94,61.67
16:20:00,13.58,60.87
16:20:00,14.32,59.28
16:20:00,14.56,66.49
16:20:00,15.09,55.09
16:20:00,16.2,57.46
16:20:00,18.1,58.31
16:20:00,19.4,60.37
16:20:00,19.78,59.52
16:20:00,21.12,63.27
16:20:00,21.68,62.74
16:20:00,23.27,65.49
16:20:00,23.41,58.12
16:25:00,1.96,63.80
16:25:00,3.55,64.15
16:25:00,5.39,65.57
16:25:00,6.88,61.18
16:25:00,7.6,58.82
16:25:00,8.8,60.13
16:25:00,9.03,61.20
16:25:00,9.45,62.63
16:25:00,10.27,60.80
16:25:00,11.05,56.63
16:25:00,12.94,61.73
16:25:00,13.58,61.03
16:25:00,14.32,59.11
16:25:00,14.56,66.79
16:25:00,15.09,58.73
16:25:00,16.2,58.04
16:25:00,18.1,59.06
16:25:00,19.4,59.87
16:25:00,19.78,58.74
16:25:00,21.12,63.20
16:25:00,21.68,63.13
16:25:00,23.27,65.15
16:25:00,23.41,57.66
16:30:00,1.96,63.87
16:30:00,3.55,64.37
16:30:00,5.39,65.64
16:30:00,6.88,61.34
16:30:00,7.6,58.91
16:30:00,8.8,60.01
16:30:00,9.03,59.01
16:30:00,9.45,62.81
16:30:00,10.27,60.99
16:30:00,11.05,56.10
16:30:00,12.94,61.78
16:30:00,13.58,60.75
16:30:00,14.32,58.99
16:30:00,14.56,66.34
16:30:00,15.09,57.50
16:30:00,16.2,57.78
16:30:00,18.1,58.58
16:30:00,19.4,60.20
16:30:00,19.78,59.50
16:30:00,21.12,63.04
16:30:00,21.68,63.47
16:30:00,23.27,64.42
16:30:00,23.41,58.24
16:35:00,1.96,64.09
16:35:00,3.55,64.42
16:35:00,5.39,65.57
16:35:00,6.88,61.52
16:35:00,7.6,59.02
16:35:00,8.8,59.96
16:35:00,9.03,58.98
16:35:00,9.45,62.35
16:35:00,10.27,61.00
16:35:00,11.05,55.47
16:35:00,12.94,61.64
16:35:00,13.58,60.77
16:35:00,14.32,59.16
16:35:00,14.56,65.41
16:35:00,15.09,57.75
16:35:00,16.2,56.96
16:35:00,18.1,58.35
16:35:00,19.4,60.38
16:35:00,19.78,59.07
16:35:00,21.12,63.08
16:35:00,21.68,63.24
16:35:00,23.27,64.50
16:35:00,23.41,58.31
16:40:00,1.96,63.97
16:40:00,3.55,64.40
16:40:00,5.39,65.37
16:40:00,6.88,61.60
16:40:00,7.6,59.05
16:40:00,8.8,59.79
16:40:00,9.03,60.61
16:40:00,9.45,61.89
16:40:00,10.27,60.93
16:40:00,11.05,56.30
16:40:00,12.94,61.88
16:40:00,13.58,60.71
16:40:00,14.32,59.12
16:40:00,14.56,64.88
16:40:00,15.09,55.35
16:40:00,16.2,56.97
16:40:00,18.1,57.97
16:40:00,19.4,60.03
16:40:00,19.78,58.81
16:40:00,21.12,63.21
16:40:00,21.68,62.39
16:40:00,23.27,64.09
16:40:00,23.41,57.24
16:45:00,1.96,63.99
16:45:00,3.55,64.41
16:45:00,5.39,65.47
16:45:00,6.88,61.18
16:45:00,7.6,59.35
16:45:00,8.8,59.78
16:45:00,9.03,55.50
16:45:00,9.45,62.31
16:45:00,10.27,60.97
16:45:00,11.05,56.79
16:45:00,12.94,61.61
16:45:00,13.58,60.42
16:45:00,14.32,58.88
16:45:00,14.56,65.45
16:45:00,15.09,57.65
16:45:00,16.2,57.06
16:45:00,18.1,56.78
16:45:00,19.4,58.51
16:45:00,19.78,57.68
16:45:00,21.12,63.13
16:45:00,21.68,63.32
16:45:00,23.27,64.32
16:45:00,23.41,57.12
16:50:00,1.96,63.94
16:50:00,3.55,64.53
16:50:00,5.39,65.32
16:50:00,6.88,61.53
16:50:00,7.6,59.24
16:50:00,8.8,59.83
16:50:00,9.03,56.37
16:50:00,9.45,62.43
16:50:00,10.27,60.85
16:50:00,11.05,56.67
16:50:00,12.94,61.95
16:50:00,13.58,60.71
16:50:00,14.32,59.04
16:50:00,14.56,65.83
16:50:00,15.09,57.29
16:50:00,16.2,57.46
16:50:00,18.1,56.87
16:50:00,19.4,57.68
16:50:00,19.78,56.92
16:50:00,21.12,63.10
16:50:00,21.68,63.12
16:50:00,23.27,63.50
16:50:00,23.41,57.35
16:55:00,1.96,64.04
16:55:00,3.55,64.15
16:55:00,5.39,65.49
16:55:00,6.88,61.40
16:55:00,7.6,59.48
16:55:00,8.8,59.82
16:55:00,9.03,60.51
16:55:00,9.45,62.22
16:55:00,10.27,61.15
16:55:00,11.05,56.59
16:55:00,12.94,61.59
16:55:00,13.58,60.73
16:55:00,14.32,59.33
16:55:00,14.56,65.68
16:55:00,15.09,58.29
16:55:00,16.2,58.56
16:55:00,18.1,56.27
16:55:00,19.4,58.50
16:55:00,19.78,58.48
16:55:00,21.12,63.36
16:55:00,21.68,62.77
16:55:00,23.27,63.40
16:55:00,23.41,57.31
17:00:00,1.96,64.43
17:00:00,3.55,63.38
17:00:00,5.39,65.21
17:00:00,6.88,61.23
17:00:00,7.6,59.37
17:00:00,8.8,59.94
17:00:00,9.03,58.81
17:00:00,9.45,62.67
17:00:00,10.27,60.80
17:00:00,11.05,57.21
17:00:00,12.94,61.41
17:00:00,13.58,60.60
17:00:00,14.32,59.21
17:00:00,14.56,65.54
17:00:00,15.09,56.76
17:00:00,16.2,57.87
17:00:00,18.1,56.50
17:00:00,19.4,60.39
17:00:00,19.78,59.73
17:00:00,21.12,63.38
17:00:00,21.68,63.70
17:00:00,23.27,64.01
17:00:00,23.41,57.43
17:05:00,1.96,64.22
17:05:00,3.55,63.53
17:05:00,5.39,65.71
17:05:00,6.88,61.60
17:05:00,7.6,59.19
17:05:00,8.8,59.71
17:05:00,9.03,57.79
17:05:00,9.45,62.54
17:05:00,10.27,60.92
17:05:00,11.05,57.13
17:05:00,12.94,61.52
17:05:00,13.58,60.73
17:05:00,14.32,59.18
17:05:00,14.56,64.72
17:05:00,15.09,55.85
17:05:00,16.2,57.49
17:05:00,18.1,56.96
17:05:00,19.4,61.40
17:05:00,19.78,60.25
17:05:00,21.12,63.41
17:05:00,21.68,64.17
17:05:00,23.27,64.24
17:05:00,23.41,56.86
17:10:00,1.96,64.28
17:10:00,3.55,63.55
17:10:00,5.39,65.52
17:10:00,6.88,62.76
17:10:00,7.6,59.06
17:10:00,8.8,59.79
17:10:00,9.03,60.89
17:10:00,9.45,62.43
17:10:00,10.27,60.70
17:10:00,11.05,57.07
17:10:00,12.94,61.62
17:10:00,13.58,61.01
17:10:00,14.32,58.39
17:10:00,14.56,65.07
17:10:00,15.09,54.30
17:10:00,16.2,56.31
17:10:00,18.1,56.89
17:10:00,19.4,61.20
17:10:00,19.78,59.93
17:10:00,21.12,63.17
17:10:00,21.68,63.33
17:10:00,23.27,63.69
17:10:00,23.41,57.14
17:15:00,1.96,64.24
17:15:00,3.55,63.52
17:15:00,5.39,65.56
17:15:00,6.88,62.18
17:15:00,7.6,59.24
17:15:00,8.8,60.05
17:15:00,9.03,59.07
17:15:00,9.45,62.85
17:15:00,10.27,60.96
17:15:00,11.05,56.88
17:15:00,12.94,61.54
17:15:00,13.58,60.57
17:15:00,14.32,58.51
17:15:00,14.56,64.89
17:15:00,15.09,56.25
17:15:00,16.2,57.63
17:15:00,18.1,56.15
17:15:00,19.4,61.09
17:15:00,19.78,59.80
17:15:00,21.12,62.94
17:15:00,21.68,63.33
17:15:00,23.27,64.02
17:15:00,23.41,57.09
17:20:00,1.96,63.92
17:20:00,3.55,63.82
17:20:00,5.39,65.50
17:20:00,6.88,61.37
17:20:00,7.6,59.44
17:20:00,8.8,59.92
17:20:00,9.03,59.37
17:20:00,9.45,62.58
17:20:00,10.27,60.89
17:20:00,11.05,56.37
17:20:00,12.94,61.94
17:20:00,13.58,60.45
17:20:00,14.32,58.58
17:20:00,14.56,65.15
17:20:00,15.09,57.08
17:20:00,16.2,58.23
17:20:00,18.1,56.63
17:20:00,19.4,61.22
17:20:00,19.78,59.79
17:20:00,21.12,62.96
17:20:00,21.68,64.08
17:20:00,23.27,64.39
17:20:00,23.41,57.60
17:25:00,1.96,64.08
17:25:00,3.55,63.64
17:25:00,5.39,65.43
17:25:00,6.88,60.66
17:25:00,7.6,59.18
17:25:00,8.8,59.68
17:25:00,9.03,58.25
17:25:00,9.45,63.00
17:25:00,10.27,60.81
17:25:00,11.05,56.42
17:25:00,12.94,61.93
17:25:00,13.58,60.92
17:25:00,14.32,58.66
17:25:00,14.56,65.12
17:25:00,15.09,57.78
17:25:00,16.2,57.92
17:25:00,18.1,56.99
17:25:00,19.4,61.17
17:25:00,19.78,59.57
17:25:00,21.12,62.84
17:25:00,21.68,63.83
17:25:00,23.27,64.96
17:25:00,23.41,56.54
17:30:00,1.96,64.02
17:30:00,3.55,63.82
17:30:00,5.39,65.57
17:30:00,6.88,61.09
17:30:00,7.6,59.63
17:30:00,8.8,60.01
17:30:00,9.03,59.61
17:30:00,9.45,62.90
17:30:00,10.27,60.70
17:30:00,11.05,56.37
17:30:00,12.94,61.87
17:30:00,13.58,60.72
17:30:00,14.32,58.79
17:30:00,14.56,65.75
17:30:00,15.09,57.36
17:30:00,16.2,58.18
17:30:00,18.1,57.92
17:30:00,19.4,61.39
17:30:00,19.78,60.04
17:30:00,21.12,62.76
17:30:00,21.68,61.74
17:30:00,23.27,65.54
17:30:00,23.41,58.16
17:35:00,1.96,63.93
17:35:00,3.55,63.78
17:35:00,5.39,65.55
17:35:00,6.88,60.92
17:35:00,7.6,59.28
17:35:00,8.8,59.71
17:35:00,9.03,60.76
17:35:00,9.45,62.86
17:35:00,10.27,61.05
17:35:00,11.05,56.13
17:35:00,12.94,61.84
17:35:00,13.58,60.85
17:35:00,14.32,59.22
17:35:00,14.56,64.84
17:35:00,15.09,56.43
17:35:00,16.2,58.47
17:35:00,18.1,58.38
17:35:00,19.4,61.02
17:35:00,19.78,59.91
17:35:00,21.12,62.84
17:35:00,21.68,62.05
17:35:00,23.27,65.82
17:35:00,23.41,58.81
17:40:00,1.96,63.88
17:40:00,3.55,63.04
17:40:00,5.39,65.43
17:40:00,6.88,60.66
17:40:00,7.6,59.31
17:40:00,8.8,59.85
17:40:00,9.03,57.30
17:40:00,9.45,62.74
17:40:00,10.27,60.80
17:40:00,11.05,56.92
17:40:00,12.94,61.86
17:40:00,13.58,60.66
17:40:00,14.32,58.95
17:40:00,14.56,65.16
17:40:00,15.09,56.22
17:40:00,16.2,58.79
17:40:00,18.1,58.35
17:40:00,19.4,61.07
17:40:00,19.78,60.39
17:40:00,21.12,63.15
17:40:00,21.68,62.74
17:40:00,23.27,65.63
17:40:00,23.41,59.29
17:45:00,1.96,64.07
17:45:00,3.55,63.80
17:45:00,5.39,65.39
17:45:00,6.88,60.77
17:45:00,7.6,59.36
17:45:00,8.8,59.50
17:45:00,9.03,58.80
17:45:00,9.45,62.57
17:45:00,10.27,60.91
17:45:00,11.05,56.97
17:45:00,12.94,61.86
17:45:00,13.58,60.83
17:45:00,14.32,59.22
17:45:00,14.56,65.71
17:45:00,15.09,56.80
17:45:00,16.2,57.92
17:45:00,18.1,58.50
17:45:00,19.4,61.06
17:45:00,19.78,59.99
17:45:00,21.12,63.12
17:45:00,21.68,62.83
17:45:00,23.27,66.24
17:45:00,23.41,59.51
17:50:00,1.96,64.30
17:50:00,3.55,64.68
17:50:00,5.39,65.56
17:50:00,6.88,60.91
17:50:00,7.6,59.51
17:50:00,8.8,59.37
17:50:00,9.03,59.92
17:50:00,9.45,62.66
17:50:00,10.27,60.71
17:50:00,11.05,56.42
17:50:00,12.94,62.01
17:50:00,13.58,60.83
17:50:00,14.32,59.11
17:50:00,14.56,66.03
17:50:00,15.09,55.69
17:50:00,16.2,58.33
17:50:00,18.1,58.96
17:50:00,19.4,61.17
17:50:00,19.78,60.32
17:50:00,21.12,62.93
17:50:00,21.68,62.90
17:50:00,23.27,67.33
17:50:00,23.41,59.60
17:55:00,1.96,63.75
17:55:00,3.55,64.89
17:55:00,5.39,65.84
17:55:00,6.88,61.46
17:55:00,7.6,59.71
17:55:00,8.8,59.93
17:55:00,9.03,59.28
17:55:00,9.45,63.10
17:55:00,10.27,61.43
17:55:00,11.05,57.37
17:55:00,12.94,62.25
17:55:00,13.58,61.06
17:55:00,14.32,59.06
17:55:00,14.56,66.37
17:55:00,15.09,56.11
17:55:00,16.2,58.46
17:55:00,18.1,59.54
17:55:00,19.4,61.35
17:55:00,19.78,60.72
17:55:00,21.12,62.82
17:55:00,21.68,62.98
17:55:00,23.27,67.02
17:55:00,23.41,60.22
18:00:00,1.96,63.91
18:00:00,3.55,64.78
18:00:00,5.39,66.01
18:00:00,6.88,61.22
18:00:00,7.6,59.58
18:00:00,8.8,59.93
18:00:00,9.03,59.42
18:00:00,9.45,63.23
18:00:00,10.27,61.11
18:00:00,11.05,57.19
18:00:00,12.94,62.21
18:00:00,13.58,61.06
18:00:00,14.32,59.22
18:00:00,14.56,65.14
18:00:00,15.09,55.73
18:00:00,16.2,58.63
18:00:00,18.1,58.47
18:00:00,19.4,61.66
18:00:00,19.78,60.88
18:00:00,21.12,62.76
18:00:00,21.68,63.07
18:00:00,23.27,67.08
18:00:00,23.41,60.23
18:05:00,1.96,63.74
18:05:00,3.55,64.73
18:05:00,5.39,66.01
18:05:00,6.88,60.98
18:05:00,7.6,59.92
18:05:00,8.8,60.09
18:05:00,9.03,59.08
18:05:00,9.45,63.05
18:05:00,10.27,61.12
18:05:00,11.05,56.68
18:05:00,12.94,62.04
18:05:00,13.58,61.24
18:05:00,14.32,58.97
18:05:00,14.56,65.92
18:05:00,15.09,55.95
18:05:00,16.2,58.26
18:05:00,18.1,57.92
18:05:00,19.4,61.33
18:05:00,19.78,60.87
18:05:00,21.12,63.28
18:05:00,21.68,63.64
18:05:00,23.27,67.23
18:05:00,23.41,60.22
18:10:00,1.96,63.96
18:10:00,3.55,64.22
18:10:00,5.39,65.64
18:10:00,6.88,62.19
18:10:00,7.6,59.89
18:10:00,8.8,59.95
18:10:00,9.03,60.21
18:10:00,9.45,63.15
18:10:00,10.27,61.16
18:10:00,11.05,56.88
18:10:00,12.94,61.97
18:10:00,13.58,60.93
18:10:00,14.32,58.97
18:10:00,14.56,66.22
18:10:00,15.09,55.71
18:10:00,16.2,58.18
18:10:00,18.1,58.18
18:10:00,19.4,61.52
18:10:00,19.78,60.49
18:10:00,21.12,63.23
18:10:00,21.68,63.18
18:10:00,23.27,67.03
18:10:00,23.41,59.92
18:15:00,1.96,63.87
18:15:00,3.55,63.83
18:15:00,5.39,65.66
18:15:00,6.88,62.61
18:15:00,7.6,59.44
18:15:00,8.8,59.90
18:15:00,9.03,60.79
18:15:00,9.45,62.95
18:15:00,10.27,60.84
18:15:00,11.05,57.22
18:15:00,12.94,61.78
18:15:00,13.58,60.86
18:15:00,14.32,59.01
18:15:00,14.56,65.86
18:15:00,15.09,57.65
18:15:00,16.2,58.35
18:15:00,18.1,58.14
18:15:00,19.4,61.37
18:15:00,19.78,60.72
18:15:00,21.12,63.18
18:15:00,21.68,62.54
18:15:00,23.27,66.96
18:15:00,23.41,59.84
18:20:00,1.96,64.30
18:20:00,3.55,64.19
18:20:00,5.39,65.89
18:20:00,6.88,61.07
18:20:00,7.6,59.42
18:20:00,8.8,60.13
18:20:00,9.03,59.73
18:20:00,9.45,63.11
18:20:00,10.27,60.95
18:20:00,11.05,56.93
18:20:00,12.94,61.91
18:20:00,13.58,60.66
18:20:00,14.32,58.27
18:20:00,14.56,66.95
18:20:00,15.09,57.16
18:20:00,16.2,57.66
18:20:00,18.1,58.00
18:20:00,19.4,61.46
18:20:00,19.78,60.79
18:20:00,21.12,62.44
18:20:00,21.68,63.42
18:20:00,23.27,66.35
18:20:00,23.41,59.50
18:25:00,1.96,63.87
18:25:00,3.55,64.91
18:25:00,5.39,66.14
18:25:00,6.88,61.22
18:25:00,7.6,59.71
18:25:00,8.8,59.83
18:25:00,9.03,56.39
18:25:00,9.45,62.85
18:25:00,10.27,60.93
18:25:00,11.05,57.48
18:25:00,12.94,61.58
18:25:00,13.58,60.79
18:25:00,14.32,58.72
18:25:00,14.56,65.63
18:25:00,15.09,59.50
18:25:00,16.2,57.65
18:25:00,18.1,57.72
18:25:00,19.4,61.39
18:25:00,19.78,60.65
18:25:00,21.12,63.34
18:25:00,21.68,62.72
18:25:00,23.27,66.69
18:25:00,23.41,59.48
18:30:00,1.96,63.95
18:30:00,3.55,65.01
18:30:00,5.39,65.85
18:30:00,6.88,61.02
18:30:00,7.6,59.76
18:30:00,8.8,60.16
18:30:00,9.03,57.40
18:30:00,9.45,63.18
18:30:00,10.27,61.18
18:30:00,11.05,57.33
18:30:00,12.94,61.81
18:30:00,13.58,60.87
18:30:00,14.32,59.18
18:30:00,14.56,66.99
18:30:00,15.09,56.12
18:30:00,16.2,58.66
18:30:00,18.1,58.54
18:30:00,19.4,61.44
18:30:00,19.78,60.57
18:30:00,21.12,63.19
18:30:00,21.68,63.31
18:30:00,23.27,67.01
18:30:00,23.41,60.40
18:35:00,1.96,64.23
18:35:00,3.55,65.53
18:35:00,5.39,66.52
18:35:00,6.88,62.35
18:35:00,7.6,59.98
18:35:00,8.8,59.97
18:35:00,9.03,60.85
18:35:00,9.45,63.13
18:35:00,10.27,60.67
18:35:00,11.05,56.93
18:35:00,12.94,61.89
18:35:00,13.58,61.37
18:35:00,14.32,59.32
18:35:00,14.56,66.12
18:35:00,15.09,55.97
18:35:00,16.2,58.72
18:35:00,18.1,58.61
18:35:00,19.4,61.59
18:35:00,19.78,61.10
18:35:00,21.12,62.39
18:35:00,21.68,63.70
18:35:00,23.27,67.07
18:35:00,23.41,60.04
18:40:00,1.96,64.27
18:40:00,3.55,65.44
18:40:00,5.39,66.52
18:40:00,6.88,62.24
18:40:00,7.6,59.95
18:40:00,8.8,60.26
18:40:00,9.03,61.31
18:40:00,9.45,63.43
18:40:00,10.27,61.11
18:40:00,11.05,57.11
18:40:00,12.94,62.21
18:40:00,13.58,61.01
18:40:00,14.32,58.90
18:40:00,14.56,66.31
18:40:00,15.09,55.05
18:40:00,16.2,59.23
18:40:00,18.1,58.51
18:40:00,19.4,61.59
18:40:00,19.78,61.09
18:40:00,21.12,62.75
18:40:00,21.68,63.31
18:40:00,23.27,67.46
18:40:00,23.41,59.74
18:45:00,1.96,64.21
18:45:00,3.55,65.29
18:45:00,5.39,66.62
18:45:00,6.88,62.47
18:45:00,7.6,59.65
18:45:00,8.8,60.35
18:45:00,9.03,62.26
18:45:00,9.45,63.29
18:45:00,10.27,61.37
18:45:00,11.05,57.78
18:45:00,12.94,61.90
18:45:00,13.58,60.87
18:45:00,14.32,59.37
18:45:00,14.56,65.23
18:45:00,15.09,56.75
18:45:00,16.2,59.48
18:45:00,18.1,58.72
18:45:00,19.4,61.50
18:45:00,19.78,61.15
18:45:00,21.12,63.13
18:45:00,21.68,63.65
18:45:00,23.27,67.19
18:45:00,23.41,60.06
18:50:00,1.96,64.24
18:50:00,3.55,65.60
18:50:00,5.39,66.09
18:50:00,6.88,61.45
18:50:00,7.6,59.87
18:50:00,8.8,60.35
18:50:00,9.03,60.12
18:50:00,9.45,63.49
18:50:00,10.27,61.04
18:50:00,11.05,58.14
18:50:00,12.94,62.35
18:50:00,13.58,60.97
18:50:00,14.32,59.13
18:50:00,14.56,66.04
18:50:00,15.09,55.32
18:50:00,16.2,59.97
18:50:00,18.1,58.80
18:50:00,19.4,62.18
18:50:00,19.78,61.12
18:50:00,21.12,62.92
18:50:00,21.68,63.36
18:50:00,23.27,67.44
18:50:00,23.41,60.16
18:55:00,1.96,64.39
18:55:00,3.55,65.63
18:55:00,5.39,66.82
18:55:00,6.88,62.45
18:55:00,7.6,60.40
18:55:00,8.8,60.26
18:55:00,9.03,60.37
18:55:00,9.45,63.47
18:55:00,10.27,61.24
18:55:00,11.05,57.49
18:55:00,12.94,62.16
18:55:00,13.58,61.20
18:55:00,14.32,59.05
18:55:00,14.56,65.77
18:55:00,15.09,57.17
18:55:00,16.2,60.19
18:55:00,18.1,59.42
18:55:00,19.4,62.36
18:55:00,19.78,61.43
18:55:00,21.12,62.84
18:55:00,21.68,62.07
18:55:00,23.27,67.66
18:55:00,23.41,60.38
19:00:00,1.96,64.40
19:00:00,3.55,65.60
19:00:00,5.39,66.65
19:00:00,6.88,61.60
19:00:00,7.6,59.96
19:00:00,8.8,60.49
19:00:00,9.03,60.91
19:00:00,9.45,63.80
19:00:00,10.27,61.30
19:00:00,11.05,57.36
19:00:00,12.94,62.22
19:00:00,13.58,61.25
19:00:00,14.32,59.22
19:00:00,14.56,65.94
19:00:00,15.09,54.10
19:00:00,16.2,60.32
19:00:00,18.1,60.05
19:00:00,19.4,62.46
19:00:00,19.78,61.56
19:00:00,21.12,63.48
19:00:00,21.68,63.56
19:00:00,23.27,67.77
19:00:00,23.41,60.19
19:05:00,1.96,64.33
19:05:00,3.55,65.53
19:05:00,5.39,66.78
19:05:00,6.88,61.39
19:05:00,7.6,59.80
19:05:00,8.8,60.04
19:05:00,9.03,60.35
19:05:00,9.45,63.30
19:05:00,10.27,61.05
19:05:00,11.05,57.57
19:05:00,12.94,61.93
19:05:00,13.58,61.41
19:05:00,14.32,58.95
19:05:00,14.56,65.85
19:05:00,15.09,57.36
19:05:00,16.2,60.10
19:05:00,18.1,59.87
19:05:00,19.4,62.71
19:05:00,19.78,61.48
19:05:00,21.12,63.08
19:05:00,21.68,63.49
19:05:00,23.27,67.92
19:05:00,23.41,60.48
19:10:00,1.96,64.28
19:10:00,3.55,65.54
19:10:00,5.39,66.46
19:10:00,6.88,61.98
19:10:00,7.6,59.81
19:10:00,8.8,60.25
19:10:00,9.03,62.35
19:10:00,9.45,63.14
19:10:00,10.27,61.08
19:10:00,11.05,57.81
19:10:00,12.94,61.81
19:10:00,13.58,61.47
19:10:00,14.32,59.08
19:10:00,14.56,65.73
19:10:00,15.09,56.95
19:10:00,16.2,59.90
19:10:00,18.1,59.50
19:10:00,19.4,62.31
19:10:00,19.78,61.35
19:10:00,21.12,63.19
19:10:00,21.68,63.67
19:10:00,23.27,67.82
19:10:00,23.41,60.33
19:15:00,1.96,64.25
19:15:00,3.55,65.65
19:15:00,5.39,66.28
19:15:00,6.88,61.15
19:15:00,7.6,59.95
19:15:00,8.8,60.14
19:15:00,9.03,59.52
19:15:00,9.45,63.25
19:15:00,10.27,60.99
19:15:00,11.05,57.78
19:15:00,12.94,61.62
19:15:00,13.58,61.18
19:15:00,14.32,59.08
19:15:00,14.56,65.15
19:15:00,15.09,54.80
19:15:00,16.2,59.86
19:15:00,18.1,59.65
19:15:00,19.4,62.22
19:15:00,19.78,61.28
19:15:00,21.12,62.71
19:15:00,21.68,63.56
19:15:00,23.27,67.65
19:15:00,23.41,60.42
19:20:00,1.96,64.03
19:20:00,3.55,65.33
19:20:00,5.39,66.42
19:20:00,6.88,62.21
19:20:00,7.6,59.54
19:20:00,8.8,60.08
19:20:00,9.45,63.02
19:20:00,10.27,60.90
19:20:00,11.05,57.74
19:20:00,12.94,61.96
19:20:00,13.58,61.22
19:20:00,14.32,59.32
19:20:00,14.56,65.81
19:20:00,15.09,56.28
19:20:00,16.2,59.88
19:20:00,18.1,58.89
19:20:00,19.4,62.00
19:20:00,19.78,61.23
19:20:00,21.12,62.80
19:20:00,21.68,64.22
19:20:00,23.27,67.77
19:20:00,23.41,60.55
19:25:00,1.96,63.78
19:25:00,3.55,65.17
19:25:00,5.39,66.26
19:25:00,6.88,61.51
19:25:00,7.6,59.42
19:25:00,8.8,60.09
19:25:00,9.03,61.72
19:25:00,9.45,63.03
19:25:00,10.27,61.04
19:25:00,11.05,57.23
19:25:00,12.94,61.78
19:25:00,13.58,61.45
19:25:00,14.32,59.02
19:25:00,14.56,66.43
19:25:00,15.09,54.19
19:25:00,16.2,60.17
19:25:00,18.1,59.64
19:25:00,19.4,62.11
19:25:00,19.78,61.12
19:25:00,21.12,63.14
19:25:00,21.68,63.29
19:25:00,23.27,67.54
19:25:00,23.41,60.07
19:30:00,1.96,64.20
19:30:00,3.55,65.54
19:30:00,5.39,65.92
19:30:00,6.88,60.56
19:30:00,7.6,59.79
19:30:00,8.8,59.89
19:30:00,9.03,59.39
19:30:00,9.45,63.03
19:30:00,10.27,61.01
19:30:00,11.05,56.50
19:30:00,12.94,61.57
19:30:00,13.58,60.97
19:30:00,14.32,58.90
19:30:00,14.56,66.00
19:30:00,15.09,53.77
19:30:00,16.2,59.92
19:30:00,18.1,59.43
19:30:00,19.4,62.09
19:30:00,19.78,61.33
19:30:00,21.12,62.88
19:30:00,21.68,62.66
19:30:00,23.27,67.86
19:30:00,23.41,59.94
19:35:00,1.96,63.89
19:35:00,3.55,65.45
19:35:00,5.39,66.28
19:35:00,6.88,61.39
19:35:00,7.6,59.54
19:35:00,8.8,60.21
19:35:00,9.03,61.31
19:35:00,9.45,63.06
19:35:00,10.27,60.54
19:35:00,11.05,56.34
19:35:00,12.94,61.62
19:35:00,13.58,61.15
19:35:00,14.32,59.02
19:35:00,14.56,66.30
19:35:00,15.09,54.54
19:35:00,16.2,60.20
19:35:00,18.1,59.08
19:35:00,19.4,61.60
19:35:00,19.78,60.57
19:35:00,21.12,63.09
19:35:00,21.68,63.95
19:35:00,23.27,67.90
19:35:00,23.41,60.29
19:40:00,1.96,63.66
19:40:00,3.55,65.25
19:40:00,5.39,65.95
19:40:00,6.88,60.35
19:40:00,7.6,59.30
19:40:00,8.8,60.08
19:40:00,9.03,59.42
19:40:00,9.45,63.09
19:40:00,10.27,60.85
19:40:00,11.05,55.95
19:40:00,12.94,61.60
19:40:00,13.58,61.21
19:40:00,14.32,59.05
19:40:00,14.56,65.87
19:40:00,15.09,54.54
19:40:00,16.2,59.93
19:40:00,18.1,58.36
19:40:00,19.4,62.00
19:40:00,19.78,61.11
19:40:00,21.12,63.03
19:40:00,21.68,63.41
19:40:00,23.27,67.85
19:40:00,23.41,60.27
19:45:00,1.96,63.71
19:45:00,3.55,64.84
19:45:00,5.39,65.86
19:45:00,6.88,60.42
19:45:00,7.6,59.42
19:45:00,8.8,60.15
19:45:00,9.03,61.36
19:45:00,9.45,62.94
19:45:00,10.27,61.06
19:45:00,11.05,55.93
19:45:00,12.94,61.49
19:45:00,13.58,61.10
19:45:00,14.32,58.74
19:45:00,14.56,66.75
19:45:00,15.09,54.37
19:45:00,16.2,59.99
19:45:00,18.1,58.17
19:45:00,19.4,61.94
19:45:00,19.78,61.00
19:45:00,21.12,63.12
19:45:00,21.68,64.08
19:45:00,23.27,67.86
19:45:00,23.41,60.33
19:50:00,1.96,63.55
19:50:00,3.55,65.08
19:50:00,5.39,65.90
19:50:00,6.88,61.63
19:50:00,7.6,59.23
19:50:00,8.8,59.65
19:50:00,9.03,62.88
19:50:00,9.45,62.49
19:50:00,10.27,60.88
19:50:00,11.05,56.49
19:50:00,12.94,61.48
19:50:00,13.58,61.12
19:50:00,14.32,58.57
19:50:00,14.56,66.71
19:50:00,15.09,58.70
19:50:00,16.2,60.21
19:50:00,18.1,58.34
19:50:00,19.4,61.91
19:50:00,19.78,61.00
19:50:00,21.12,63.39
19:50:00,21.68,63.78
19:50:00,23.27,67.93
19:50:00,23.41,60.75
19:55:00,1.96,63.51
19:55:00,3.55,64.93
19:55:00,5.39,65.73
19:55:00,6.88,61.51
19:55:00,7.6,59.43
19:55:00,8.8,60.09
19:55:00,9.03,60.92
19:55:00,9.45,63.02
19:55:00,10.27,60.13
19:55:00,11.05,56.46
19:55:00,12.94,61.26
19:55:00,13.58,61.37
19:55:00,14.32,58.46
19:55:00,14.56,67.27
19:55:00,15.09,59.55
19:55:00,16.2,60.20
19:55:00,18.1,59.07
19:55:00,19.4,61.92
19:55:00,19.78,61.03
19:55:00,21.12,63.59
19:55:00,21.68,64.32
19:55:00,23.27,68.06
19:55:00,23.41,60.62
20:00:00,1.96,63.57
20:00:00,3.55,65.45
20:00:00,5.39,65.54
20:00:00,6.88,61.04
20:00:00,7.6,59.49
20:00:00,8.8,59.95
20:00:00,9.03,59.94
20:00:00,9.45,62.93
20:00:00,10.27,60.83
20:00:00,11.05,56.26
20:00:00,12.94,61.41
20:00:00,13.58,61.34
20:00:00,14.32,58.58
20:00:00,14.56,66.04
20:00:00,15.09,55.82
20:00:00,16.2,60.22
20:00:00,18.1,58.04
20:00:00,19.4,61.72
20:00:00,19.78,61.06
20:00:00,21.12,63.09
20:00:00,21.68,63.91
20:00:00,23.27,68.02
20:00:00,23.41,60.55
20:05:00,1.96,63.44
20:05:00,3.55,64.73
20:05:00,5.39,65.99
20:05:00,6.88,60.71
20:05:00,7.6,59.29
20:05:00,8.8,59.70
20:05:00,9.03,61.38
20:05:00,9.45,62.53
20:05:00,10.27,60.64
20:05:00,11.05,56.32
20:05:00,12.94,61.33
20:05:00,13.58,60.85
20:05:00,14.32,58.43
20:05:00,14.56,66.68
20:05:00,15.09,55.83
20:05:00,16.2,59.96
20:05:00,18.1,58.26
20:05:00,19.4,61.91
20:05:00,19.78,61.13
20:05:00,21.12,63.45
20:05:00,21.68,64.01
20:05:00,23.27,68.41
20:05:00,23.41,60.67
20:10:00,1.96,63.43
20:10:00,3.55,65.12
20:10:00,5.39,65.58
20:10:00,6.88,60.56
20:10:00,7.6,59.44
20:10:00,8.8,59.71
20:10:00,9.03,59.05
20:10:00,9.45,62.53
20:10:00,10.27,60.47
20:10:00,11.05,56.36
20:10:00,12.94,60.85
20:10:00,13.58,60.86
20:10:00,14.32,58.45
20:10:00,14.56,65.21
20:10:00,15.09,55.04
20:10:00,16.2,59.68
20:10:00,18.1,57.44
20:10:00,19.4,61.35
20:10:00,19.78,60.70
20:10:00,21.12,62.83
20:10:00,21.68,63.46
20:10:00,23.27,68.10
20:10:00,23.41,60.57
20:15:00,1.96,63.34
20:15:00,3.55,65.30
20:15:00,5.39,66.01
20:15:00,6.88,60.51
20:15:00,7.6,59.34
20:15:00,8.8,59.78
20:15:00,9.03,59.72
20:15:00,9.45,62.76
20:15:00,10.27,60.77
20:15:00,11.05,56.29
20:15:00,12.94,61.07
20:15:00,13.58,61.04
20:15:00,14.32,58.54
20:15:00,14.56,66.75
20:15:00,15.09,53.00
20:15:00,16.2,59.40
20:15:00,18.1,57.56
20:15:00,19.4,61.29
20:15:00,19.78,60.77
20:15:00,21.12,63.11
20:15:00,21.68,63.07
20:15:00,23.27,67.90
20:15:00,23.41,60.60
20:20:00,1.96,63.96
20:20:00,3.55,65.70
20:20:00,5.39,66.06
20:20:00,6.88,60.54
20:20:00,7.6,59.47
20:20:00,8.8,58.98
20:20:00,9.03,59.69
20:20:00,9.45,62.75
20:20:00,10.27,60.78
20:20:00,11.05,57.09
20:20:00,12.94,60.98
20:20:00,13.58,60.90
20:20:00,14.32,58.33
20:20:00,14.56,65.73
20:20:00,15.09,55.39
20:20:00,16.2,59.71
20:20:00,18.1,57.72
20:20:00,19.4,61.24
20:20:00,19.78,60.37
20:20:00,21.12,62.67
20:20:00,21.68,62.91
20:20:00,23.27,67.66
20:20:00,23.41,60.57
20:25:00,1.96,63.70
20:25:00,3.55,65.66
20:25:00,5.39,66.39
20:25:00,6.88,60.51
20:25:00,7.6,59.24
20:25:00,8.8,60.16
20:25:00,9.03,61.12
20:25:00,9.45,62.90
20:25:00,10.27,60.90
20:25:00,11.05,58.04
20:25:00,12.94,61.30
20:25:00,13.58,61.08
20:25:00,14.32,57.93
20:25:00,14.56,66.22
20:25:00,15.09,58.00
20:25:00,16.2,59.95
20:25:00,18.1,57.73
20:25:00,19.4,61.26
20:25:00,19.78,60.71
20:25:00,21.12,62.96
20:25:00,21.68,62.34
20:25:00,23.27,67.71
20:25:00,23.41,60.32
20:30:00,1.96,63.69
20:30:00,3.55,65.46
20:30:00,5.39,66.56
20:30:00,6.88,60.95
20:30:00,7.6,59.31
20:30:00,8.8,60.05
20:30:00,9.03,61.61
20:30:00,9.45,62.77
20:30:00,10.27,60.85
20:30:00,11.05,58.15
20:30:00,12.94,61.35
20:30:00,13.58,60.79
20:30:00,14.32,58.51
20:30:00,14.56,66.68
20:30:00,15.09,52.12
20:30:00,16.2,60.12
20:30:00,18.1,58.06
20:30:00,19.4,61.38
20:30:00,19.78,60.74
20:30:00,21.12,62.80
20:30:00,21.68,62.95
20:30:00,23.27,67.77
20:30:00,23.41,60.44
20:35:00,1.96,63.34
20:35:00,3.55,65.69
20:35:00,5.39,66.22
20:35:00,6.88,61.52
20:35:00,7.6,59.35
20:35:00,8.8,59.92
20:35:00,9.03,61.36
20:35:00,9.45,62.94
20:35:00,10.27,60.96
20:35:00,11.05,57.45
20:35:00,12.94,61.25
20:35:00,13.58,61.09
20:35:00,14.32,57.73
20:35:00,14.56,66.45
20:35:00,15.09,55.28
20:35:00,16.2,59.74
20:35:00,18.1,58.86
20:35:00,19.4,61.50
20:35:00,19.78,60.69
20:35:00,21.12,62.70
20:35:00,21.68,63.18
20:35:00,23.27,67.90
20:35:00,23.41,60.33
20:40:00,1.96,63.35
20:40:00,3.55,65.44
20:40:00,5.39,66.53
20:40:00,6.88,61.09
20:40:00,7.6,59.06
20:40:00,8.8,60.11
20:40:00,9.03,62.01
20:40:00,9.45,62.91
20:40:00,10.27,60.80
20:40:00,11.05,57.23
20:40:00,12.94,61.26
20:40:00,13.58,61.20
20:40:00,14.32,58.09
20:40:00,14.56,65.47
20:40:00,15.09,57.60
20:40:00,16.2,60.19
20:40:00,18.1,59.29
20:40:00,19.4,61.73
20:40:00,19.78,60.86
20:40:00,21.12,62.57
20:40:00,21.68,62.66
20:40:00,23.27,67.95
20:40:00,23.41,60.67
20:45:00,1.96,63.77
20:45:00,3.55,65.52
20:45:00,5.39,66.15
20:45:00,6.88,60.57
20:45:00,7.6,59.17
20:45:00,8.8,60.20
20:45:00,9.03,57.90
20:45:00,9.45,62.92
20:45:00,10.27,60.66
20:45:00,11.05,57.08
20:45:00,12.94,61.14
20:45:00,13.58,61.27
20:45:00,14.32,58.02
20:45:00,14.56,67.15
20:45:00,15.09,52.80
20:45:00,16.2,60.03
20:45:00,18.1,59.64
20:45:00,19.4,61.44
20:45:00,19.78,60.78
20:45:00,21.12,62.47
20:45:00,21.68,62.42
20:45:00,23.27,68.19
20:45:00,23.41,60.58
20:50:00,1.96,63.62
20:50:00,3.55,65.47
20:50:00,5.39,65.85
20:50:00,6.88,60.34
20:50:00,7.6,59.12
20:50:00,8.8,60.34
20:50:00,9.03,58.47
20:50:00,9.45,63.04
20:50:00,10.27,60.80
20:50:00,11.05,57.11
20:50:00,12.94,60.98
20:50:00,13.58,61.10
20:50:00,14.32,57.90
20:50:00,14.56,65.72
20:50:00,15.09,52.04
20:50:00,16.2,60.36
20:50:00,18.1,59.51
20:50:00,19.4,61.53
20:50:00,19.78,60.76
20:50:00,21.12,62.57
20:50:00,21.68,62.28
20:50:00,23.27,68.22
20:50:00,23.41,60.83
20:55:00,1.96,63.55
20:55:00,3.55,65.13
20:55:00,5.39,65.65
20:55:00,6.88,61.34
20:55:00,7.6,59.42
20:55:00,8.8,59.91
20:55:00,9.03,58.93
20:55:00,9.45,62.87
20:55:00,10.27,61.08
20:55:00,11.05,57.12
20:55:00,12.94,61.19
20:55:00,13.58,60.95
20:55:00,14.32,57.71
20:55:00,14.56,65.93
20:55:00,15.09,55.40
20:55:00,16.2,60.20
20:55:00,18.1,60.02
20:55:00,19.4,61.37
20:55:00,19.78,60.71
20:55:00,21.12,62.43
20:55:00,21.68,63.28
20:55:00,23.27,67.96
20:55:00,23.41,60.91
21:00:00,1.96,63.31
21:00:00,3.55,65.59
21:00:00,5.39,65.67
21:00:00,6.88,61.72
21:00:00,7.6,58.95
21:00:00,8.8,59.88
21:00:00,9.03,59.58
21:00:00,9.45,62.81
21:00:00,10.27,61.02
21:00:00,11.05,57.02
21:00:00,12.94,61.22
21:00:00,13.58,60.79
21:00:00,14.32,57.58
21:00:00,14.56,66.75
21:00:00,15.09,48.98
21:00:00,16.2,60.01
21:00:00,18.1,59.94
21:00:00,19.4,61.51
21:00:00,19.78,60.69
21:00:00,21.12,61.92
21:00:00,21.68,63.85
21:00:00,23.27,68.03
21:00:00,23.41,60.78
21:05:00,1.96,63.23
21:05:00,3.55,65.56
21:05:00,5.39,66.40
21:05:00,6.88,60.93
21:05:00,7.6,59.25
21:05:00,8.8,60.10
21:05:00,9.03,59.09
21:05:00,9.45,62.76
21:05:00,10.27,60.56
21:05:00,11.05,56.89
21:05:00,12.94,60.79
21:05:00,13.58,61.20
21:05:00,14.32,57.62
21:05:00,14.56,67.46
21:05:00,15.09,56.99
21:05:00,16.2,59.83
21:05:00,18.1,59.67
21:05:00,19.4,61.32
21:05:00,19.78,60.65
21:05:00,21.12,62.25
21:05:00,21.68,63.38
21:05:00,23.27,68.10
21:05:00,23.41,60.76
21:10:00,1.96,63.09
21:10:00,3.55,65.21
21:10:00,5.39,65.85
21:10:00,6.88,61.39
21:10:00,7.6,58.99
21:10:00,8.8,59.96
21:10:00,9.03,60.59
21:10:00,9.45,62.87
21:10:00,10.27,60.62
21:10:00,11.05,56.51
21:10:00,12.94,60.93
21:10:00,13.58,61.03
21:10:00,14.32,57.85
21:10:00,14.56,67.06
21:10:00,15.09,55.67
21:10:00,16.2,59.93
21:10:00,18.1,59.90
21:10:00,19.4,61.36
21:10:00,19.78,60.51
21:10:00,21.12,61.91
21:10:00,21.68,62.19
21:10:00,23.27,67.92
21:10:00,23.41,60.61
21:15:00,1.96,62.86
21:15:00,3.55,64.87
21:15:00,5.39,65.81
21:15:00,6.88,60.77
21:15:00,7.6,58.84
21:15:00,8.8,59.75
21:15:00,9.03,58.74
21:15:00,9.45,62.54
21:15:00,10.27,60.86
21:15:00,11.05,56.55
21:15:00,12.94,60.88
21:15:00,13.58,60.45
21:15:00,14.32,57.61
21:15:00,14.56,65.87
21:15:00,15.09,56.35
21:15:00,16.2,59.77
21:15:00,18.1,59.82
21:15:00,19.4,61.19
21:15:00,19.78,60.41
21:15:00,21.12,62.13
21:15:00,21.68,61.52
21:15:00,23.27,68.10
21:15:00,23.41,60.56
21:20:00,1.96,63.13
21:20:00,3.55,65.32
21:20:00,5.39,65.81
21:20:00,6.88,60.58
21:20:00,7.6,59.01
21:20:00,8.8,59.66
21:20:00,9.03,61.45
21:20:00,9.45,62.51
21:20:00,10.27,60.38
21:20:00,11.05,56.21
21:20:00,12.94,60.86
21:20:00,13.58,60.88
21:20:00,14.32,57.35
21:20:00,14.56,66.12
21:20:00,15.09,56.53
21:20:00,16.2,59.86
21:20:00,18.1,59.54
21:20:00,19.4,61.43
21:20:00,19.78,60.62
21:20:00,21.12,61.97
21:20:00,21.68,62.46
21:20:00,23.27,68.08
21:20:00,23.41,60.37
21:25:00,1.96,63.01
21:25:00,3.55,65.27
21:25:00,5.39,66.04
21:25:00,6.88,60.34
21:25:00,7.6,58.76
21:25:00,8.8,59.86
21:25:00,9.03,59.67
21:25:00,9.45,62.83
21:25:00,10.27,60.93
21:25:00,11.05,56.51
21:25:00,12.94,60.97
21:25:00,13.58,61.20
21:25:00,14.32,57.37
21:25:00,14.56,66.26
21:25:00,15.09,56.91
21:25:00,16.2,60.02
21:25:00,18.1,59.74
21:25:00,19.4,61.27
21:25:00,19.78,60.49
21:25:00,21.12,62.06
21:25:00,21.68,61.91
21:25:00,23.27,68.00
21:25:00,23.41,60.60
21:30:00,1.96,62.98
21:30:00,3.55,65.05
21:30:00,5.39,65.75
21:30:00,6.88,60.02
21:30:00,7.6,58.92
21:30:00,8.8,60.13
21:30:00,9.45,62.95
21:30:00,10.27,60.01
21:30:00,11.05,56.62
21:30:00,12.94,60.96
21:30:00,13.58,60.63
21:30:00,14.32,57.55
21:30:00,14.56,66.28
21:30:00,15.09,53.56
21:30:00,16.2,59.90
21:30:00,18.1,59.47
21:30:00,19.4,61.31
21:30:00,19.78,60.52
21:30:00,21.12,62.16
21:30:00,21.68,61.15
21:30:00,23.27,68.18
21:30:00,23.41,60.51
21:35:00,1.96,62.69
21:35:00,3.55,65.18
21:35:00,5.39,65.78
21:35:00,6.88,59.79
21:35:00,7.6,59.14
21:35:00,8.8,59.87
21:35:00,9.03,61.90
21:35:00,9.45,62.74
21:35:00,10.27,60.66
21:35:00,11.05,57.28
21:35:00,12.94,61.11
21:35:00,13.58,61.03
21:35:00,14.32,57.33
21:35:00,14.56,64.74
21:35:00,15.09,53.81
21:35:00,16.2,60.17
21:35:00,18.1,59.78
21:35:00,19.4,61.17
21:35:00,19.78,60.69
21:35:00,21.12,61.83
21:35:00,21.68,62.07
21:35:00,23.27,67.69
21:35:00,23.41,60.33
21:40:00,1.96,63.13
21:40:00,3.55,65.35
21:40:00,5.39,65.71
21:40:00,6.88,60.88
21:40:00,7.6,58.97
21:40:00,8.8,59.84
21:40:00,9.03,61.30
21:40:00,9.45,63.19
21:40:00,10.27,60.65
21:40:00,11.05,57.19
21:40:00,12.94,61.12
21:40:00,13.58,60.83
21:40:00,14.32,57.06
21:40:00,14.56,65.46
21:40:00,15.09,56.47
21:40:00,16.2,59.83
21:40:00,18.1,59.89
21:40:00,19.4,61.55
21:40:00,19.78,60.66
21:40:00,21.12,62.03
21:40:00,21.68,61.81
21:40:00,23.27,68.31
21:40:00,23.41,60.66
21:45:00,1.96,62.95
21:45:00,3.55,65.40
21:45:00,5.39,66.27
21:45:00,6.88,60.47
21:45:00,7.6,58.82
21:45:00,8.8,59.74
21:45:00,9.03,59.39
21:45:00,9.45,62.93
21:45:00,10.27,60.99
21:45:00,11.05,56.93
21:45:00,12.94,61.03
21:45:00,13.58,61.14
21:45:00,14.32,57.04
21:45:00,14.56,66.60
21:45:00,15.09,54.23
21:45:00,16.2,60.33
21:45:00,18.1,59.98
21:45:00,19.4,61.54
21:45:00,19.78,60.70
21:45:00,21.12,62.41
21:45:00,21.68,62.10
21:45:00,23.27,68.10
21:45:00,23.41,60.61
21:50:00,1.96,62.70
21:50:00,3.55,65.53
21:50:00,5.39,66.06
21:50:00,6.88,59.98
21:50:00,7.6,58.82
21:50:00,8.8,60.30
21:50:00,9.03,59.53
21:50:00,9.45,63.14
21:50:00,10.27,60.45
21:50:00,11.05,57.05
21:50:00,12.94,61.18
21:50:00,13.58,60.75
21:50:00,14.32,56.37
21:50:00,14.56,66.88
21:50:00,15.09,51.85
21:50:00,16.2,60.17
21:50:00,18.1,59.66
21:50:00,19.4,61.59
21:50:00,19.78,61.01
21:50:00,21.12,62.23
21:50:00,21.68,62.35
21:50:00,23.27,68.46
21:50:00,23.41,60.89
21:55:00,1.96,62.87
21:55:00,3.55,65.28
21:55:00,5.39,65.98
21:55:00,6.88,61.21
21:55:00,7.6,59.12
21:55:00,8.8,59.67
21:55:00,9.03,62.71
21:55:00,9.45,62.67
21:55:00,10.27,60.60
21:55:00,11.05,57.05
21:55:00,12.94,60.97
21:55:00,13.58,61.08
21:55:00,14.32,56.30
21:55:00,14.56,67.09
21:55:00,15.09,55.80
21:55:00,16.2,60.16
21:55:00,18.1,59.86
21:55:00,19.4,61.27
21:55:00,19.78,60.91
21:55:00,21.12,62.02
21:55:00,21.68,62.34
21:55:00,23.27,68.65
21:55:00,23.41,61.24
22:00:00,1.96,63.23
22:00:00,3.55,65.69
22:00:00,5.39,66.05
22:00:00,6.88,60.21
22:00:00,7.6,58.83
22:00:00,8.8,60.03
22:00:00,9.03,60.95
22:00:00,9.45,62.57
22:00:00,10.27,60.83
22:00:00,11.05,56.62
22:00:00,12.94,60.92
22:00:00,13.58,60.98
22:00:00,14.32,56.28
22:00:00,14.56,66.07
22:00:00,15.09,52.12
22:00:00,16.2,60.13
22:00:00,18.1,59.35
22:00:00,19.4,61.40
22:00:00,19.78,60.67
22:00:00,21.12,61.98
22:00:00,21.68,62.87
22:00:00,23.27,68.33
22:00:00,23.41,61.19
22:05:00,1.96,63.17
22:05:00,3.55,65.25
22:05:00,5.39,66.23
22:05:00,6.88,60.26
22:05:00,7.6,59.15
22:05:00,8.8,60.33
22:05:00,9.03,63.13
22:05:00,9.45,62.93
22:05:00,10.27,60.78
22:05:00,11.05,56.79
22:05:00,12.94,60.39
22:05:00,13.58,60.37
22:05:00,14.32,56.65
22:05:00,14.56,66.37
22:05:00,15.09,55.28
22:05:00,16.2,60.08
22:05:00,18.1,59.89
22:05:00,19.4,61.61
22:05:00,19.78,60.95
22:05:00,21.12,62.20
22:05:00,21.68,62.24
22:05:00,23.27,68.22
22:05:00,23.41,60.90
22:10:00,1.96,62.71
22:10:00,3.55,65.38
22:10:00,5.39,65.93
22:10:00,6.88,59.67
22:10:00,7.6,59.20
22:10:00,8.8,60.36
22:10:00,9.03,43.93
22:10:00,9.45,62.87
22:10:00,10.27,60.79
22:10:00,11.05,56.33
22:10:00,12.94,60.80
22:10:00,13.58,60.71
22:10:00,14.32,56.76
22:10:00,14.56,66.61
22:10:00,15.09,53.71
22:10:00,16.2,59.83
22:10:00,18.1,59.04
22:10:00,19.4,61.37
22:10:00,19.78,60.68
22:10:00,21.12,62.90
22:10:00,21.68,63.40
22:10:00,23.27,68.54
22:10:00,23.41,61.04
22:15:00,1.96,63.39
22:15:00,3.55,65.20
22:15:00,5.39,65.91
22:15:00,6.88,60.20
22:15:00,7.6,58.82
22:15:00,8.8,59.99
22:15:00,9.03,59.34
22:15:00,9.45,62.90
22:15:00,10.27,60.46
22:15:00,11.05,56.48
22:15:00,12.94,60.84
22:15:00,13.58,60.75
22:15:00,14.32,56.55
22:15:00,14.56,65.88
22:15:00,15.09,55.62
22:15:00,16.2,59.86
22:15:00,18.1,59.75
22:15:00,19.4,61.32
22:15:00,19.78,60.91
22:15:00,21.12,61.66
22:15:00,21.68,62.98
22:15:00,23.27,68.64
22:15:00,23.41,61.15
22:20:00,1.96,63.13
22:20:00,3.55,65.74
22:20:00,5.39,66.33
22:20:00,6.88,59.82
22:20:00,7.6,59.08
22:20:00,8.8,59.97
22:20:00,9.03,60.99
22:20:00,9.45,62.99
22:20:00,10.27,60.35
22:20:00,11.05,56.12
22:20:00,12.94,60.83
22:20:00,13.58,60.97
22:20:00,14.32,56.14
22:20:00,14.56,65.02
22:20:00,15.09,54.14
22:20:00,16.2,60.11
22:20:00,18.1,59.65
22:20:00,19.4,61.43
22:20:00,19.78,60.68
22:20:00,21.12,61.86
22:20:00,21.68,63.43
22:20:00,23.27,68.43
22:20:00,23.41,60.91
22:25:00,1.96,63.19
22:25:00,3.55,65.25
22:25:00,5.39,65.93
22:25:00,6.88,59.94
22:25:00,7.6,58.72
22:25:00,8.8,60.29
22:25:00,9.03,59.34
22:25:00,9.45,62.74
22:25:00,10.27,60.85
22:25:00,11.05,56.18
22:25:00,12.94,60.76
22:25:00,13.58,61.03
22:25:00,14.32,55.85
22:25:00,14.56,64.98
22:25:00,15.09,51.10
22:25:00,16.2,60.12
22:25:00,18.1,59.67
22:25:00,19.4,61.59
22:25:00,19.78,60.81
22:25:00,21.12,62.50
22:25:00,21.68,63.43
22:25:00,23.27,68.59
22:25:00,23.41,60.95
22:30:00,1.96,63.02
22:30:00,3.55,65.55
22:30:00,5.39,66.22
22:30:00,6.88,59.56
22:30:00,7.6,58.81
22:30:00,8.8,59.99
22:30:00,9.03,59.61
22:30:00,9.45,62.98
22:30:00,10.27,60.49
22:30:00,11.05,56.55
22:30:00,12.94,60.87
22:30:00,13.58,60.44
22:30:00,14.32,55.59
22:30:00,14.56,64.56
22:30:00,15.09,48.63
22:30:00,16.2,59.77
22:30:00,18.1,59.81
22:30:00,19.4,61.64
22:30:00,19.78,60.88
22:30:00,21.12,62.72
22:30:00,21.68,62.31
22:30:00,23.27,68.43
22:30:00,23.41,60.98
22:35:00,1.96,62.85
22:35:00,3.55,65.78
22:35:00,5.39,66.26
22:35:00,6.88,59.97
22:35:00,7.6,58.89
22:35:00,8.8,60.43
22:35:00,9.03,63.00
22:35:00,9.45,63.31
22:35:00,10.27,60.71
22:35:00,11.05,56.78
22:35:00,12.94,61.02
22:35:00,13.58,60.62
22:35:00,14.32,55.31
22:35:00,14.56,66.56
22:35:00,15.09,49.02
22:35:00,16.2,60.04
22:35:00,18.1,60.23
22:35:00,19.4,61.65
22:35:00,19.78,60.87
22:35:00,21.12,62.02
22:35:00,21.68,63.52
22:35:00,23.27,68.90
22:35:00,23.41,61.40
22:40:00,1.96,63.33
22:40:00,3.55,65.90
22:40:00,5.39,66.66
22:40:00,6.88,60.87
22:40:00,7.6,58.74
22:40:00,8.8,60.39
22:40:00,9.03,61.77
22:40:00,9.45,62.88
22:40:00,10.27,60.41
22:40:00,11.05,56.28
22:40:00,12.94,61.21
22:40:00,13.58,60.83
22:40:00,14.32,55.21
22:40:00,14.56,66.18
22:40:00,15.09,49.26
22:40:00,16.2,60.10
22:40:00,18.1,59.61
22:40:00,19.4,61.76
22:40:00,19.78,60.91
22:40:00,21.12,62.38
22:40:00,21.68,62.90
22:40:00,23.27,68.85
22:40:00,23.41,60.84
22:45:00,1.96,63.44
22:45:00,3.55,65.57
22:45:00,5.39,66.38
22:45:00,6.88,59.30
22:45:00,7.6,58.61
22:45:00,8.8,60.22
22:45:00,9.03,64.17
22:45:00,9.45,62.89
22:45:00,10.27,60.61
22:45:00,11.05,56.43
22:45:00,12.94,60.67
22:45:00,13.58,60.98
22:45:00,14.32,54.83
22:45:00,14.56,65.88
22:45:00,15.09,51.42
22:45:00,16.2,60.41
22:45:00,18.1,60.06
22:45:00,19.4,61.79
22:45:00,19.78,61.01
22:45:00,21.12,62.39
22:45:00,21.68,62.12
22:45:00,23.27,68.87
22:45:00,23.41,61.04
22:50:00,1.96,63.41
22:50:00,3.55,65.15
22:50:00,5.39,66.36
22:50:00,6.88,59.46
22:50:00,7.6,58.95
22:50:00,8.8,60.13
22:50:00,9.03,47.40
22:50:00,9.45,62.48
22:50:00,10.27,60.34
22:50:00,11.05,56.97
22:50:00,12.94,61.28
22:50:00,13.58,61.32
22:50:00,14.32,54.29
22:50:00,14.56,63.55
22:50:00,15.09,46.65
22:50:00,16.2,59.92
22:50:00,18.1,59.67
22:50:00,19.4,61.69
22:50:00,19.78,61.38
22:50:00,21.12,62.03
22:50:00,21.68,62.19
22:50:00,23.27,69.14
22:50:00,23.41,61.23
22:55:00,1.96,63.62
22:55:00,3.55,65.85
22:55:00,5.39,66.48
22:55:00,6.88,60.32
22:55:00,7.6,58.82
22:55:00,8.8,60.93
22:55:00,9.03,57.40
22:55:00,9.45,62.98
22:55:00,10.27,60.18
22:55:00,11.05,57.35
22:55:00,12.94,61.10
22:55:00,13.58,60.69
22:55:00,14.32,53.64
22:55:00,14.56,65.03
22:55:00,15.09,45.86
22:55:00,16.2,59.99
22:55:00,18.1,60.14
22:55:00,19.4,61.75
22:55:00,19.78,61.17
22:55:00,21.12,62.27
22:55:00,21.68,63.20
22:55:00,23.27,68.70
22:55:00,23.41,60.91
23:00:00,1.96,63.06
23:00:00,3.55,65.64
23:00:00,5.39,66.39
23:00:00,6.88,59.62
23:00:00,7.6,58.55
23:00:00,8.8,60.48
23:00:00,9.03,64.11
23:00:00,9.45,62.82
23:00:00,10.27,61.32
23:00:00,11.05,57.02
23:00:00,12.94,60.94
23:00:00,13.58,60.17
23:00:00,14.32,54.22
23:00:00,14.56,65.16
23:00:00,15.09,45.90
23:00:00,16.2,60.30
23:00:00,18.1,59.76
23:00:00,19.4,61.83
23:00:00,19.78,61.10
23:00:00,21.12,62.46
23:00:00,21.68,63.48
23:00:00,23.27,69.15
23:00:00,23.41,61.05
23:05:00,1.96,63.29
23:05:00,3.55,65.65
23:05:00,5.39,66.47
23:05:00,6.88,61.12
23:05:00,7.6,58.84
23:05:00,8.8,60.47
23:05:00,9.03,59.89
23:05:00,9.45,63.28
23:05:00,10.27,60.73
23:05:00,11.05,57.41
23:05:00,12.94,61.29
23:05:00,13.58,60.60
23:05:00,14.32,53.75
23:05:00,14.56,65.11
23:05:00,15.09,48.62
23:05:00,16.2,59.97
23:05:00,18.1,59.68
23:05:00,19.4,61.73
23:05:00,19.78,61.32
23:05:00,21.12,61.61
23:05:00,21.68,63.17
23:05:00,23.27,69.24
23:05:00,23.41,61.61
23:10:00,1.96,63.33
23:10:00,3.55,65.81
23:10:00,5.39,66.24
23:10:00,6.88,59.83
23:10:00,7.6,58.46
23:10:00,8.8,60.66
23:10:00,9.03,63.50
23:10:00,9.45,63.15
23:10:00,10.27,60.52
23:10:00,11.05,56.25
23:10:00,12.94,60.99
23:10:00,13.58,60.62
23:10:00,14.32,54.04
23:10:00,14.56,64.13
23:10:00,15.09,49.17
23:10:00,16.2,59.87
23:10:00,18.1,59.98
23:10:00,19.4,61.57
23:10:00,19.78,60.99
23:10:00,21.12,61.83
23:10:00,21.68,63.58
23:10:00,23.27,68.75
23:10:00,23.41,61.07
23:15:00,1.96,63.19
23:15:00,3.55,65.37
23:15:00,5.39,66.67
23:15:00,6.88,58.92
23:15:00,7.6,58.55
23:15:00,8.8,60.21
23:15:00,9.03,61.71
23:15:00,9.45,62.59
23:15:00,10.27,59.90
23:15:00,11.05,56.43
23:15:00,12.94,60.78
23:15:00,13.58,60.18
23:15:00,14.32,53.15
23:15:00,14.56,64.77
23:15:00,15.09,44.09
23:15:00,16.2,60.02
23:15:00,18.1,59.86
23:15:00,19.4,61.69
23:15:00,19.78,61.29
23:15:00,21.12,61.72
23:15:00,21.68,63.96
23:15:00,23.27,69.17
23:15:00,23.41,61.62
23:20:00,1.96,63.21
23:20:00,3.55,65.54
23:20:00,5.39,66.61
23:20:00,6.88,60.26
23:20:00,7.6,58.63
23:20:00,8.8,60.05
23:20:00,9.03,55.73
23:20:00,9.45,62.77
23:20:00,10.27,60.56
23:20:00,11.05,55.97
23:20:00,12.94,60.93
23:20:00,13.58,60.22
23:20:00,14.32,52.91
23:20:00,14.56,64.04
23:20:00,15.09,46.96
23:20:00,16.2,60.16
23:20:00,18.1,59.13
23:20:00,19.4,61.96
23:20:00,19.78,61.32
23:20:00,21.12,62.27
23:20:00,21.68,63.81
23:20:00,23.27,69.13
23:20:00,23.41,61.41
23:25:00,1.96,63.30
23:25:00,3.55,65.67
23:25:00,5.39,66.97
23:25:00,6.88,60.27
23:25:00,7.6,58.89
23:25:00,8.8,60.43
23:25:00,9.03,61.84
23:25:00,9.45,63.24
23:25:00,10.27,59.75
23:25:00,11.05,56.14
23:25:00,12.94,61.06
23:25:00,13.58,61.17
23:25:00,14.32,52.25
23:25:00,14.56,64.54
23:25:00,15.09,42.93
23:25:00,16.2,60.18
23:25:00,18.1,60.22
23:25:00,19.4,62.11
23:25:00,19.78,61.42
23:25:00,21.12,61.20
23:25:00,21.68,63.67
23:25:00,23.27,69.25
23:25:00,23.41,61.53
23:30:00,1.96,63.48
23:30:00,3.55,65.74
23:30:00,5.39,66.50
23:30:00,6.88,60.31
23:30:00,7.6,58.65
23:30:00,8.8,59.89
23:30:00,9.03,61.06
23:30:00,9.45,63.11
23:30:00,10.27,59.64
23:30:00,11.05,55.44
23:30:00,12.94,60.97
23:30:00,13.58,60.11
23:30:00,14.32,52.31
23:30:00,14.56,66.23
23:30:00,15.09,41.75
23:30:00,16.2,59.64
23:30:00,18.1,60.49
23:30:00,19.4,61.95
23:30:00,19.78,61.68
23:30:00,21.12,61.25
23:30:00,21.68,62.95
23:30:00,23.27,69.16
23:30:00,23.41,60.83
23:35:00,1.96,63.30
23:35:00,3.55,65.73
23:35:00,5.39,66.33
23:35:00,6.88,59.40
23:35:00,7.6,58.59
23:35:00,8.8,58.94
23:35:00,9.03,64.72
23:35:00,9.45,62.62
23:35:00,10.27,59.37
23:35:00,11.05,55.72
23:35:00,12.94,60.88
23:35:00,13.58,60.40
23:35:00,14.32,51.96
23:35:00,14.56,64.17
23:35:00,15.09,44.89
23:35:00,16.2,60.14
23:35:00,18.1,60.12
23:35:00,19.4,62.00
23:35:00,19.78,61.75
23:35:00,21.12,62.46
23:35:00,21.68,63.65
23:35:00,23.27,69.37
23:35:00,23.41,61.62
23:40:00,1.96,62.94
23:40:00,3.55,65.67
23:40:00,5.39,67.03
23:40:00,6.88,60.23
23:40:00,7.6,58.62
23:40:00,8.8,60.26
23:40:00,9.03,63.54
23:40:00,9.45,62.73
23:40:00,10.27,60.03
23:40:00,11.05,55.42
23:40:00,12.94,60.33
23:40:00,13.58,60.00
23:40:00,14.32,50.32
23:40:00,14.56,64.06
23:40:00,15.09,45.60
23:40:00,16.2,59.88
23:40:00,18.1,60.01
23:40:00,19.4,62.16
23:40:00,19.78,61.53
23:40:00,21.12,62.28
23:40:00,21.68,63.94
23:40:00,23.27,69.32
23:40:00,23.41,61.87
23:45:00,1.96,62.87
23:45:00,3.55,65.75
23:45:00,5.39,66.19
23:45:00,6.88,59.70
23:45:00,7.6,57.93
23:45:00,8.8,60.68
23:45:00,9.03,62.53
23:45:00,9.45,62.92
23:45:00,10.27,60.33
23:45:00,11.05,55.28
23:45:00,12.94,60.39
23:45:00,13.58,60.01
23:45:00,14.32,50.14
23:45:00,14.56,64.27
23:45:00,15.09,40.65
23:45:00,16.2,60.39
23:45:00,18.1,60.01
23:45:00,19.4,61.90
23:45:00,19.78,61.79
23:45:00,21.12,62.34
23:45:00,21.68,62.84
23:45:00,23.27,69.59
23:45:00,23.41,61.90
23:50:00,1.96,63.28
23:50:00,3.55,65.86
23:50:00,5.39,66.57
23:50:00,6.88,59.56
23:50:00,7.6,58.37
23:50:00,8.8,60.20
23:50:00,9.03,60.22
23:50:00,9.45,63.00
23:50:00,10.27,60.29
23:50:00,11.05,55.77
23:50:00,12.94,60.89
23:50:00,13.58,60.17
23:50:00,14.32,50.61
23:50:00,14.56,61.51
23:50:00,15.09,41.23
23:50:00,16.2,59.37
23:50:00,18.1,60.53
23:50:00,19.4,62.02
23:50:00,19.78,61.56
23:50:00,21.12,62.59
23:50:00,21.68,62.88
23:50:00,23.27,69.56
23:50:00,23.41,61.64
23:55:00,1.96,63.34
23:55:00,3.55,66.11
23:55:00,5.39,66.86
23:55:00,6.88,59.66
23:55:00,7.6,58.28
23:55:00,8.8,60.29
23:55:00,9.03,61.00
23:55:00,9.45,62.35
23:55:00,10.27,60.50
23:55:00,11.05,55.90
23:55:00,12.94,61.04
23:55:00,13.58,61.25
23:55:00,14.32,49.98
23:55:00,14.56,66.41
23:55:00,15.09,44.49
23:55:00,16.2,60.44
23:55:00,18.1,59.82
23:55:00,19.4,61.97
23:55:00,19.78,61.74
23:55:00,21.12,62.72
23:55:00,21.68,63.61
23:55:00,23.27,69.51
23:55:00,23.41,61.21
